1 -71.7892 140.957
2 -71.4809 141.423
3 -71.2856 141.933
4 -71.2727 142.523
5 -71.4752 143.197
6 -71.8771 143.92
7 -72.4161 144.625
8 -72.9999 145.232
9 -73.5289 145.666
10 -73.9201 145.883
11 -74.1209 145.876
12 -74.1195 145.674
13 -73.9473 145.334
14 -73.674 144.921
15 -73.3926 144.497
16 -73.1959 144.105
17 -73.1531 143.765
18 -73.2938 143.479
19 -73.6052 143.235
20 -74.0437 143.022
21 -74.5543 142.838
22 -75.0877 142.691
23 -75.6168 142.595
24 -76.1413 142.567
25 -76.6803 142.621
26 -77.2622 142.761
27 -77.9088 142.981
28 -78.6257 143.259
29 -79.3963 143.566
30 -80.181 143.866
31 -80.9255 144.124
32 -81.5687 144.315
33 -82.0578 144.422
34 -82.3614 144.446
35 -82.479 144.395
36 -82.4475 144.289
37 -82.3393 144.157
38 -82.2495 144.035
39 -82.2747 143.958
40 -82.4896 143.96
41 -82.9253 144.065
42 -83.5605 144.279
43 -84.3296 144.593
44 -85.145 144.98
45 -85.9234 145.396
46 -86.6089 145.795
47 -87.184 146.137
48 -87.6661 146.398
49 -88.0928 146.581
50 -88.5052 146.712
51 -88.927 146.83
52 -89.3535 146.974
53 -89.7492 147.166
54 -90.059 147.402
55 -90.2286 147.651
56 -90.223 147.87
57 -90.0371 148.015
58 -89.6992 148.062
59 -89.2666 148.015
60 -88.8186 147.907
61 -88.4436 147.792
62 -88.2209 147.726
63 -88.2003 147.752
64 -88.3867 147.883
65 -88.7345 148.098
66 -89.1593 148.342
67 -89.5583 148.543
68 -89.8365 148.634
69 -89.926 148.573
70 -89.7952 148.348
71 -89.4511 147.983
72 -88.932 147.523
73 -88.2921 147.025
74 -87.5828 146.532
75 -86.8333 146.065
76 -86.0421 145.614
77 -85.1789 145.148
78 -84.2033 144.634
79 -83.085 144.055
80 -81.819 143.421
81 -80.4379 142.779
82 -79.0126 142.196
83 -77.6379 141.751
84 -76.4089 141.502
85 -75.3938 141.478
86 -74.611 141.662
87 -74.0224 142.003
88 -73.5434 142.426
89 -73.0655 142.859
90 -72.4868 143.245
91 -71.7372 143.559
92 -70.7948 143.803
93 -69.6928 144.006
94 -68.5104 144.202
95 -67.3491 144.427
96 -66.3043 144.701
97 -65.4393 145.026
98 -64.7737 145.382
99 -64.2873 145.738
100 -63.935 146.062
101 -63.6666 146.329
102 -63.4452 146.527
103 -63.258 146.656
104 -63.1182 146.724
105 -63.0568 146.743
106 -63.1089 146.722
107 -63.2979 146.666
108 -63.6225 146.575
109 -64.0511 146.445
110 -64.5244 146.266
111 -64.9649 146.026
112 -65.2918 145.711
113 -65.4351 145.303
114 -65.3489 144.788
115 -65.0231 144.154
116 -64.4849 143.407
117 -63.7968 142.574
118 -63.0442 141.711
119 -62.3175 140.886
120 -61.694 140.175
121 -61.2162 139.638
122 -60.8802 139.303
123 -60.6411 139.161
124 -60.4329 139.176
125 -60.1928 139.296
126 -59.886 139.473
127 -59.5185 139.676
128 -59.1348 139.906
129 -58.8049 140.184
130 -58.6008 140.549
131 -58.5694 141.033
132 -58.7129 141.646
133 -58.9826 142.363
134 -59.2912 143.123
135 -59.5419 143.845
136 -59.6587 144.447
137 -59.6117 144.868
138 -59.4274 145.082
139 -59.1851 145.109
140 -58.9987 145.003
141 -58.986 144.839
142 -59.2341 144.686
143 -59.7702 144.582
144 -60.5548 144.529
145 -61.4974 144.488
146 -62.4889 144.401
147 -63.4323 144.213
148 -64.2668 143.89
149 -64.9759 143.437
150 -65.5816 142.899
151 -66.134 142.351
152 -66.6922 141.882
153 -67.3012 141.56
154 -67.9711 141.417
155 -68.6676 141.434
156 -69.3176 141.548
157 -69.8291 141.671
158 -70.1195 141.726
159 -70.1407 141.67
160 -69.8945 141.506
161 -69.436 141.282
162 -68.8604 141.074
163 -68.2787 140.963
164 -67.7836 141.001
165 -67.4195 141.198
166 -67.1746 141.52
167 -66.992 141.897
168 -66.7935 142.253
169 -66.5047 142.531
170 -66.0741 142.701
171 -65.4835 142.775
172 -64.7528 142.794
173 -63.9389 142.817
174 -63.1265 142.897
175 -62.4083 143.067
176 -61.8595 143.328
177 -61.5158 143.646
178 -61.3646 143.966
179 -61.3534 144.229
180 -61.4101 144.387
181 -61.4687 144.418
182 -61.4897 144.33
183 -61.4717 144.153
184 -61.4475 143.934
185 -61.4686 143.716
186 -61.5836 143.532
187 -61.8182 143.395
188 -62.1653 143.299
189 -62.5869 143.229
190 -63.0242 143.164
191 -63.4129 143.091
192 -63.7002 143.004
193 -63.8542 142.908
194 -63.8717 142.814
195 -63.7807 142.736
196 -63.6321 142.685
197 -63.4857 142.67
198 -63.3942 142.692
199 -63.3901 142.744
200 -63.4778 142.807
201 -63.6345 142.859
202 -63.8185 142.87
203 -63.9829 142.814
204 -64.0907 142.669
205 -64.1268 142.425
206 -64.1032 142.083
207 -64.0581 141.66
208 -64.0468 141.187
209 -64.127 140.708
210 -64.3407 140.269
211 -64.698 139.915
212 -65.1691 139.672
213 -65.6889 139.546
214 -66.174 139.518
215 -66.547 139.557
216 -66.7564 139.626
217 -66.7887 139.7
218 -66.6686 139.778
219 -66.4493 139.883
220 -66.1976 140.055
221 -65.9739 140.328
222 -65.8152 140.717
223 -65.7262 141.201
224 -65.6826 141.728
225 -65.6428 142.226
226 -65.5673 142.626
227 -65.4339 142.88
228 -65.2487 142.968
229 -65.047 142.905
230 -64.8869 142.734
231 -64.8355 142.516
232 -64.9516 142.312
233 -65.2685 142.166
234 -65.7821 142.094
235 -66.4511 142.08
236 -67.2078 142.078
237 -67.975 142.034
238 -68.6843 141.898
239 -69.2904 141.65
240 -69.7738 141.3
241 -70.1394 140.887
242 -70.4077 140.467
243 -70.6029 140.089
244 -70.7414 139.776
245 -70.8225 139.524
246 -70.8284 139.302
247 -70.7307 139.066
248 -70.4994 138.782
249 -70.1117 138.432
250 -69.558 138.028
251 -68.8449 137.601
252 -67.9984 137.197
253 -67.0593 136.861
254 -66.0782 136.627
255 -65.1093 136.511
256 -64.1971 136.512
257 -63.3671 136.617
258 -62.6238 136.808
259 -61.9545 137.07
260 -61.3387 137.398
261 -60.76 137.796
262 -60.2146 138.27
263 -59.7099 138.826
264 -59.2604 139.456
265 -58.8796 140.139
266 -58.572 140.84
267 -58.3336 141.514
268 -58.1555 142.124
269 -58.0313 142.642
270 -57.9618 143.06
271 -57.9554 143.38
272 -58.0243 143.617
273 -58.1796 143.784
274 -58.4286 143.893
275 -58.7734 143.944
276 -59.2124 143.931
277 -59.741 143.844
278 -60.3544 143.681
279 -61.0445 143.448
280 -61.7946 143.163
281 -62.5775 142.854
282 -63.3535 142.55
283 -64.0718 142.272
284 -64.6771 142.023
285 -65.1187 141.795
286 -65.3588 141.569
287 -65.3772 141.33
288 -65.1751 141.078
289 -64.7749 140.83
290 -64.2182 140.62
291 -63.5592 140.492
292 -62.8548 140.479
293 -62.1564 140.6
294 -61.5006 140.851
295 -60.9053 141.205
296 -60.3747 141.624
297 -59.9103 142.071
298 -59.5252 142.523
299 -59.2519 142.973
300 -59.1377 143.436
301 -59.234 143.938
302 -59.5774 144.508
303 -60.1697 145.159
304 -60.9687 145.879
305 -61.8949 146.633
306 -62.8502 147.364
307 -63.7415 148.015
308 -64.4978 148.539
309 -65.081 148.915
310 -65.4895 149.153
311 -65.7533 149.288
312 -65.9233 149.368
313 -66.0569 149.438
314 -66.2007 149.526
315 -66.3763 149.636
316 -66.5756 149.746
317 -66.7645 149.823
318 -66.8964 149.831
319 -66.927 149.745
320 -66.8287 149.563
321 -66.5977 149.303
322 -66.2545 148.999
323 -65.8367 148.691
324 -65.3874 148.41
325 -64.9423 148.175
326 -64.5195 147.983
327 -64.1175 147.821
328 -63.7149 147.668
329 -63.28 147.509
330 -62.7844 147.338
331 -62.2141 147.165
332 -61.5789 147.01
333 -60.9153 146.895
334 -60.2832 146.841
335 -59.7559 146.862
336 -59.405 146.965
337 -59.2862 147.149
338 -59.4303 147.409
339 -59.8381 147.742
340 -60.4791 148.14
341 -61.2947 148.592
342 -62.2085 149.082
343 -63.1369 149.584
344 -64.0038 150.064
345 -64.756 150.487
346 -65.3682 150.824
347 -65.8426 151.054
348 -66.2008 151.177
349 -66.471 151.208
350 -66.6747 151.175
351 -66.8181 151.11
352 -66.8911 151.036
353 -66.8733 150.959
354 -66.7441 150.867
355 -66.4922 150.735
356 -66.1225 150.533
357 -65.658 150.245
358 -65.1408 149.874
359 -64.6283 149.451
360 -64.1867 149.026
361 -63.8765 148.659
362 -63.7353 148.392
363 -63.7627 148.236
364 -63.9147 148.164
365 -64.1144 148.115
366 -64.2746 148.012
367 -64.3261 147.792
368 -64.2402 147.421
369 -64.0421 146.912
370 -63.8065 146.318
371 -63.6386 145.722
372 -63.6408 145.212
373 -63.8791 144.856
374 -64.361 144.678
375 -65.0383 144.66
376 -65.8294 144.751
377 -66.6516 144.888
378 -67.4455 145.024
379 -68.1865 145.142
380 -68.8834 145.262
381 -69.5677 145.428
382 -70.2759 145.693
383 -71.0322 146.097
384 -71.8341 146.644
385 -72.6467 147.302
386 -73.406 148.001
387 -74.0326 148.657
388 -74.4473 149.187
389 -74.5879 149.534
390 -74.4212 149.671
391 -73.95 149.606
392 -73.215 149.373
393 -72.2849 149.023
394 -71.2427 148.605
395 -70.1699 148.16
396 -69.1279 147.708
397 -68.1506 147.25
398 -67.2439 146.774
399 -66.3955 146.265
400 -65.5923 145.719
401 -64.8309 145.146
402 -64.1242 144.57
403 -63.502 144.022
404 -63.0054 143.534
405 -62.6754 143.13
406 -62.5421 142.818
407 -62.6143 142.591
408 -62.8746 142.43
409 -63.2796 142.304
410 -63.7649 142.18
411 -64.2561 142.029
412 -64.6829 141.826
413 -64.9915 141.559
414 -65.1577 141.232
415 -65.1953 140.862
416 -65.1511 140.484
417 -65.0905 140.141
418 -65.0759 139.876
419 -65.1435 139.721
420 -65.2897 139.691
421 -65.4715 139.781
422 -65.6221 139.968
423 -65.674 140.22
424 -65.5809 140.503
425 -65.3284 140.786
426 -64.9367 141.053
427 -64.4548 141.302
428 -63.9505 141.548
429 -63.4987 141.817
430 -63.1653 142.134
431 -62.9914 142.51
432 -62.9793 142.932
433 -63.0911 143.354
434 -63.2611 143.715
435 -63.4196 143.947
436 -63.5201 144
437 -63.5584 143.862
438 -63.5802 143.558
439 -63.6709 143.153
440 -63.9314 142.731
441 -64.4422 142.367
442 -65.2333 142.108
443 -66.2736 141.958
444 -67.4824 141.883
445 -68.7526 141.827
446 -69.9836 141.731
447 -71.1055 141.556
448 -72.0879 141.293
449 -72.9375 140.964
450 -73.6843 140.616
451 -74.3665 140.3
452 -75.0134 140.056
453 -75.6371 139.898
454 -76.2277 139.803
455 -76.7539 139.727
456 -77.1753 139.615
457 -77.4547 139.424
458 -77.5705 139.137
459 -77.523 138.767
460 -77.3361 138.358
461 -77.0513 137.968
462 -76.7201 137.655
463 -76.3894 137.457
464 -76.0899 137.388
465 -75.8267 137.433
466 -75.5785 137.556
467 -75.305 137.715
468 -74.96 137.874
469 -74.5073 138.015
470 -73.936 138.138
471 -73.2665 138.257
472 -72.5479 138.386
473 -71.8421 138.531
474 -71.2073 138.686
475 -70.683 138.823
476 -70.2844 138.908
477 -70.0067 138.902
478 -69.8374 138.782
479 -69.7668 138.54
480 -69.7959 138.188
481 -69.9351 137.755
482 -70.1984 137.272
483 -70.5956 136.77
484 -71.1261 136.265
485 -71.7792 135.767
486 -72.5362 135.274
487 -73.3718 134.788
488 -74.2567 134.31
489 -75.1541 133.846
490 -76.0142 133.406
491 -76.777 132.993
492 -77.3823 132.603
493 -77.7832 132.223
494 -77.958 131.83
495 -77.9135 131.404
496 -77.6792 130.934
497 -77.2953 130.421
498 -76.7993 129.882
499 -76.215 129.34
500 -75.547 128.821
501 -74.7827 128.338
502 -73.9014 127.893
503 -72.884 127.475
504 -71.7232 127.062
505 -70.4287 126.635
506 -69.0301 126.185
507 -67.5786 125.724
508 -66.143 125.289
509 -64.8056 124.934
510 -63.6514 124.72
511 -62.7496 124.693
512 -62.1354 124.871
513 -61.8025 125.235
514 -61.7085 125.727
515 -61.7901 126.274
516 -61.9888 126.803
517 -62.2708 127.264
518 -62.6376 127.641
519 -63.1216 127.949
520 -63.771 128.219
521 -64.625 128.486
522 -65.6948 128.764
523 -66.9509 129.043
524 -68.3278 129.288
525 -69.7405 129.451
526 -71.1048 129.486
527 -72.3555 129.364
528 -73.4532 129.085
529 -74.3847 128.679
530 -75.1609 128.2
531 -75.8078 127.714
532 -76.359 127.283
533 -76.8456 126.947
534 -77.2892 126.721
535 -77.6962 126.592
536 -78.0566 126.525
537 -78.348 126.487
538 -78.543 126.451
539 -78.62 126.415
540 -78.5701 126.394
541 -78.4033 126.417
542 -78.148 126.51
543 -77.8443 126.691
544 -77.5346 126.961
545 -77.2524 127.305
546 -77.0152 127.699
547 -76.823 128.117
548 -76.6641 128.538
549 -76.5228 128.954
550 -76.3879 129.361
551 -76.2577 129.761
552 -76.1426 130.157
553 -76.0638 130.545
554 -76.0514 130.919
555 -76.137 131.269
556 -76.3483 131.587
557 -76.7005 131.865
558 -77.1912 132.101
559 -77.7969 132.295
560 -78.4739 132.443
561 -79.1655 132.542
562 -79.8153 132.579
563 -80.3756 132.542
564 -80.8175 132.417
565 -81.1355 132.198
566 -81.3422 131.889
567 -81.4598 131.513
568 -81.509 131.1
569 -81.4996 130.684
570 -81.4253 130.295
571 -81.2642 129.941
572 -80.9837 129.613
573 -80.5491 129.28
574 -79.9322 128.9
575 -79.1198 128.44
576 -78.1181 127.884
577 -76.9509 127.242
578 -75.6622 126.558
579 -74.3071 125.897
580 -72.9331 125.321
581 -71.5692 124.875
582 -70.2157 124.571
583 -68.8476 124.386
584 -67.4267 124.277
585 -65.9192 124.195
586 -64.3164 124.109
587 -62.6491 124.018
588 -60.9949 123.952
589 -59.4695 123.966
590 -58.1998 124.119
591 -57.2919 124.457
592 -56.8004 124.994
593 -56.716 125.705
594 -56.972 126.533
595 -57.4678 127.398
596 -58.0982 128.223
597 -58.7796 128.951
598 -59.4608 129.56
599 -60.1236 130.061
600 -60.7764 130.497
601 -61.4369 130.919
602 -62.1142 131.369
603 -62.7972 131.866
604 -63.4492 132.394
605 -64.0126 132.915
606 -64.4224 133.379
607 -64.6215 133.75
608 -64.5757 134.012
609 -64.2843 134.183
610 -63.7845 134.3
611 -63.1488 134.417
612 -62.4725 134.582
613 -61.8537 134.83
614 -61.3697 135.172
615 -61.0607 135.594
616 -60.9248 136.068
617 -60.927 136.555
618 -61.0171 137.025
619 -61.1505 137.461
620 -61.3043 137.863
621 -61.4813 138.244
622 -61.7043 138.627
623 -62.003 139.03
624 -62.3994 139.465
625 -62.8982 139.931
626 -63.4859 140.418
627 -64.1323 140.913
628 -64.7992 141.403
629 -65.4463 141.878
630 -66.0368 142.339
631 -66.5449 142.786
632 -66.9644 143.224
633 -67.3117 143.658
634 -67.6239 144.091
635 -67.9488 144.525
636 -68.3303 144.959
637 -68.7935 145.392
638 -69.33 145.822
639 -69.8961 146.242
640 -70.4227 146.645
641 -70.831 147.017
642 -71.0529 147.339
643 -71.0474 147.588
644 -70.8085 147.74
645 -70.3611 147.778
646 -69.7519 147.704
647 -69.0371 147.533
648 -68.2691 147.298
649 -67.4861 147.036
650 -66.7096 146.778
651 -65.9423 146.536
652 -65.1716 146.296
653 -64.383 146.03
654 -63.5713 145.701
655 -62.7486 145.285
656 -61.9526 144.778
657 -61.2439 144.205
658 -60.6966 143.612
659 -60.3775 143.05
660 -60.3226 142.559
661 -60.5173 142.153
662 -60.8916 141.816
663 -61.3324 141.505
664 -61.7116 141.165
665 -61.9184 140.743
666 -61.8844 140.21
667 -61.5954 139.568
668 -61.0886 138.854
669 -60.4378 138.133
670 -59.7287 137.482
671 -59.0322 136.969
672 -58.386 136.631
673 -57.7818 136.47
674 -57.1748 136.447
675 -56.5085 136.51
676 -55.7372 136.607
677 -54.8472 136.712
678 -53.8635 136.83
679 -52.8494 137
680 -51.8958 137.273
681 -51.0973 137.695
682 -50.5245 138.286
683 -50.2039 139.026
684 -50.1098 139.857
685 -50.1747 140.699
686 -50.3117 141.466
687 -50.442 142.091
688 -50.5175 142.533
689 -50.5333 142.792
690 -50.5297 142.9
691 -50.5805 142.909
692 -50.7714 142.875
693 -51.1734 142.841
694 -51.8198 142.824
695 -52.6947 142.814
696 -53.7377 142.777
697 -54.8585 142.672
698 -55.9646 142.468
699 -56.9817 142.155
700 -57.8663 141.748
701 -58.6094 141.285
702 -59.2311 140.81
703 -59.7666 140.362
704 -60.2486 139.967
705 -60.6945 139.631
706 -61.0984 139.342
707 -61.4321 139.076
708 -61.6527 138.812
709 -61.7157 138.531
710 -61.5899 138.231
711 -61.2698 137.919
712 -60.7844 137.616
713 -60.1977 137.345
714 -59.6 137.133
715 -59.0897 137.004
716 -58.7526 136.972
717 -58.6414 137.043
718 -58.7643 137.214
719 -59.0824 137.471
720 -59.5221 137.792
721 -59.9953 138.15
722 -60.424 138.514
723 -60.7606 138.855
724 -60.9971 139.151
725 -61.1597 139.388
726 -61.2957 139.568
727 -61.4559 139.7
728 -61.6765 139.799
729 -61.9685 139.874
730 -62.3143 139.922
731 -62.6745 139.924
732 -63.0047 139.852
733 -63.273 139.675
734 -63.4751 139.372
735 -63.64 138.947
736 -63.8246 138.427
737 -64.0967 137.859
738 -64.5142 137.303
739 -65.1037 136.816
740 -65.8473 136.434
741 -66.6819 136.166
742 -67.5119 135.987
743 -68.2268 135.849
744 -68.7238 135.695
745 -68.9298 135.469
746 -68.8099 135.138
747 -68.3704 134.695
748 -67.6505 134.162
749 -66.7115 133.583
750 -65.6208 133.006
751 -64.4321 132.47
752 -63.1733 131.987
753 -61.8404 131.542
754 -60.4097 131.102
755 -58.8643 130.631
756 -57.2144 130.113
757 -55.5124 129.566
758 -53.8528 129.039
759 -52.3579 128.603
760 -51.1535 128.333
761 -50.3341 128.283
762 -49.9361 128.476
763 -49.9273 128.893
764 -50.2179 129.477
765 -50.6845 130.149
766 -51.2034 130.826
767 -51.6796 131.44
768 -52.064 131.956
769 -52.3574 132.375
770 -52.6021 132.731
771 -52.8588 133.07
772 -53.1786 133.43
773 -53.5792 133.823
774 -54.0345 134.223
775 -54.483 134.58
776 -54.8481 134.833
777 -55.0639 134.933
778 -55.0955 134.861
779 -54.9507 134.634
780 -54.6826 134.298
781 -54.382 133.918
782 -54.1582 133.565
783 -54.1158 133.299
784 -54.3291 133.161
785 -54.8237 133.159
786 -55.5709 133.277
787 -56.5001 133.476
788 -57.5164 133.712
789 -58.5248 133.945
790 -59.4555 134.151
791 -60.2768 134.325
792 -60.999 134.484
793 -61.6656 134.658
794 -62.3335 134.885
795 -63.0492 135.194
796 -63.8267 135.601
797 -64.6377 136.102
798 -65.4101 136.674
799 -66.0443 137.279
800 -66.4429 137.877
801 -66.5346 138.43
802 -66.2939 138.91
803 -65.7475 139.304
804 -64.9684 139.616
805 -64.0594 139.867
806 -63.132 140.09
807 -62.2799 140.316
808 -61.5644 140.566
809 -61.0035 140.834
810 -60.5713 141.093
811 -60.2156 141.294
812 -59.8824 141.386
813 -59.5398 141.331
814 -59.1943 141.119
815 -58.8943 140.772
816 -58.7201 140.345
817 -58.7595 139.911
818 -59.0784 139.539
819 -59.6925 139.276
820 -60.5539 139.136
821 -61.5593 139.095
822 -62.5765 139.104
823 -63.4821 139.106
824 -64.1885 139.049
825 -64.6531 138.905
826 -64.8786 138.676
827 -64.9024 138.395
828 -64.7799 138.114
829 -64.5654 137.889
830 -64.2945 137.758
831 -63.9723 137.73
832 -63.5707 137.774
833 -63.0387 137.833
834 -62.32 137.84
835 -61.3745 137.743
836 -60.2004 137.521
837 -58.8467 137.197
838 -57.4157 136.83
839 -56.0455 136.5
840 -54.8783 136.284
841 -54.0215 136.237
842 -53.5157 136.373
843 -53.3274 136.666
844 -53.3659 137.061
845 -53.5149 137.49
846 -53.6708 137.897
847 -53.7689 138.251
848 -53.795 138.559
849 -53.7805 138.856
850 -53.784 139.196
851 -53.8667 139.625
852 -54.0663 140.166
853 -54.3808 140.806
854 -54.765 141.498
855 -55.144 142.172
856 -55.4348 142.761
857 -55.5689 143.214
858 -55.5118 143.515
859 -55.273 143.68
860 -54.9064 143.752
861 -54.5001 143.785
862 -54.154 143.835
863 -53.9541 143.941
864 -53.9497 144.116
865 -54.1417 144.35
866 -54.4856 144.607
867 -54.9074 144.848
868 -55.3251 145.033
869 -55.6709 145.141
870 -55.9095 145.168
871 -56.0463 145.135
872 -56.1227 145.075
873 -56.2023 145.025
874 -56.3481 145.014
875 -56.5993 145.06
876 -56.9556 145.156
877 -57.3724 145.282
878 -57.7736 145.406
879 -58.073 145.498
880 -58.1975 145.53
881 -58.1122 145.489
882 -57.8321 145.372
883 -57.4211 145.19
884 -56.9756 144.963
885 -56.5981 144.721
886 -56.3716 144.493
887 -56.3399 144.303
888 -56.4982 144.162
889 -56.7973 144.066
890 -57.1597 143.995
891 -57.5008 143.92
892 -57.7523 143.813
893 -57.8753 143.65
894 -57.8664 143.427
895 -57.7531 143.155
896 -57.5821 142.865
897 -57.4017 142.597
898 -57.2443 142.388
899 -57.1115 142.257
900 -56.9689 142.196
901 -56.7546 142.169
902 -56.3983 142.121
903 -55.8439 141.993
904 -55.0692 141.739
905 -54.0975 141.346
906 -52.9986 140.832
907 -51.8771 140.249
908 -50.8484 139.663
909 -50.0104 139.135
910 -49.4168 138.698
911 -49.0636 138.345
912 -48.8936 138.034
913 -48.8176 137.702
914 -48.7426 137.287
915 -48.598 136.746
916 -48.3516 136.072
917 -48.0134 135.292
918 -47.6292 134.46
919 -47.2638 133.645
920 -46.9777 132.905
921 -46.8047 132.277
922 -46.7391 131.762
923 -46.7342 131.33
924 -46.717 130.935
925 -46.6106 130.524
926 -46.357 130.068
927 -45.9363 129.565
928 -45.3766 129.05
929 -44.7515 128.587
930 -44.165 128.256
931 -43.7244 128.132
932 -43.508 128.256
933 -43.5421 128.628
934 -43.7948 129.201
935 -44.1885 129.895
936 -44.6292 130.626
937 -45.0361 131.324
938 -45.3655 131.954
939 -45.6197 132.514
940 -45.8436 133.033
941 -46.1065 133.549
942 -46.4789 134.095
943 -47.0081 134.686
944 -47.7041 135.312
945 -48.5374 135.938
946 -49.4487 136.516
947 -50.3663 136.997
948 -51.2243 137.346
949 -51.9771 137.544
950 -52.6099 137.596
951 -53.1408 137.522
952 -53.6164 137.354
953 -54.1008 137.13
954 -54.6588 136.885
955 -55.336 136.647
956 -56.1441 136.43
957 -57.0532 136.235
958 -57.9965 136.056
959 -58.8872 135.877
960 -59.6427 135.686
961 -60.2108 135.477
962 -60.5857 135.253
963 -60.8108 135.029
964 -60.9661 134.835
965 -61.1463 134.711
966 -61.4363 134.702
967 -61.8902 134.846
968 -62.5188 135.167
969 -63.2884 135.663
970 -64.1303 136.308
971 -64.9619 137.053
972 -65.7093 137.841
973 -66.3288 138.617
974 -66.817 139.343
975 -67.209 140.009
976 -67.5657 140.629
977 -67.9527 141.235
978 -68.4147 141.86
979 -68.9574 142.523
980 -69.5415 143.213
981 -70.0956 143.89
982 -70.5396 144.494
983 -70.8121 144.961
984 -70.8875 145.242
985 -70.7831 145.314
986 -70.5555 145.191
987 -70.2871 144.916
988 -70.0665 144.552
989 -69.9654 144.16
990 -70.0187 143.784
991 -70.213 143.434
992 -70.4894 143.088
993 -70.7598 142.699
994 -70.9306 142.213
995 -70.9271 141.587
996 -70.712 140.81
997 -70.2929 139.903
998 -69.7241 138.927
999 -69.091 137.967
1000 -68.4847 137.106
1001 -67.9721 136.403
1002 -67.5737 135.875
1003 -67.2594 135.5
1004 -66.9634 135.223
1005 -66.6111 134.983
1006 -66.148 134.735
1007 -65.5603 134.471
1008 -64.8825 134.22
1009 -64.1897 134.043
1010 -63.5781 134.009
1011 -63.1375 134.174
1012 -62.9231 134.561
1013 -62.9391 135.149
1014 -63.1374 135.88
1015 -63.4306 136.675
1016 -63.7182 137.457
1017 -63.9115 138.166
1018 -63.9543 138.771
1019 -63.8329 139.274
1020 -63.5748 139.698
1021 -63.2375 140.074
1022 -62.8898 140.432
1023 -62.5901 140.787
1024 -62.3699 141.135
1025 -62.2261 141.456
1026 -62.1264 141.72
1027 -62.0223 141.9
1028 -61.8658 141.977
1029 -61.626 141.952
1030 -61.3007 141.844
1031 -60.9198 141.688
1032 -60.5391 141.523
1033 -60.2302 141.394
1034 -60.0623 141.337
1035 -60.0847 141.375
1036 -60.3165 141.518
1037 -60.7433 141.758
1038 -61.3225 142.075
1039 -61.9931 142.44
1040 -62.6906 142.823
1041 -63.3601 143.196
1042 -63.9687 143.538
1043 -64.5116 143.837
1044 -65.0127 144.097
1045 -65.5163 144.335
1046 -66.0734 144.576
1047 -66.723 144.847
1048 -67.4772 145.166
1049 -68.3109 145.539
1050 -69.1679 145.952
1051 -69.9775 146.378
1052 -70.6769 146.785
1053 -71.2308 147.146
1054 -71.639 147.45
1055 -71.9343 147.706
1056 -72.1684 147.946
1057 -72.3949 148.213
1058 -72.6523 148.55
1059 -72.9519 148.986
1060 -73.2743 149.525
1061 -73.5739 150.141
1062 -73.7919 150.786
1063 -73.8715 151.398
1064 -73.7725 151.923
1065 -73.4819 152.321
1066 -73.0181 152.583
1067 -72.4298 152.731
1068 -71.7854 152.807
1069 -71.1567 152.864
1070 -70.6015 152.944
1071 -70.1487 153.063
1072 -69.7946 153.206
1073 -69.5111 153.334
1074 -69.2624 153.398
1075 -69.0222 153.36
1076 -68.7835 153.206
1077 -68.5618 152.95
1078 -68.3887 152.629
1079 -68.3033 152.291
1080 -68.3407 151.98
1081 -68.5206 151.718
1082 -68.8385 151.504
1083 -69.2626 151.311
1084 -69.7354 151.102
1085 -70.1874 150.839
1086 -70.5505 150.499
1087 -70.7739 150.084
1088 -70.8334 149.62
1089 -70.7334 149.153
1090 -70.5003 148.737
1091 -70.1684 148.416
1092 -69.7636 148.217
1093 -69.2938 148.138
1094 -68.7462 148.157
1095 -68.0942 148.241
1096 -67.311 148.358
1097 -66.3841 148.491
1098 -65.325 148.639
1099 -64.1722 148.82
1100 -62.9853 149.057
1101 -61.8327 149.371
1102 -60.7743 149.767
1103 -59.8483 150.232
1104 -59.0641 150.735
1105 -58.4001 151.233
1106 -57.8144 151.683
1107 -57.2582 152.047
1108 -56.6922 152.305
1109 -56.0976 152.451
1110 -55.4787 152.497
1111 -54.8599 152.458
1112 -54.2761 152.353
1113 -53.7586 152.189
1114 -53.3248 151.968
1115 -52.9772 151.685
1116 -52.7034 151.332
1117 -52.4817 150.907
1118 -52.2881 150.414
1119 -52.1039 149.868
1120 -51.9216 149.285
1121 -51.7493 148.688
1122 -51.611 148.097
1123 -51.5408 147.531
1124 -51.5754 147.004
1125 -51.7432 146.528
1126 -52.0573 146.109
1127 -52.5123 145.75
1128 -53.0841 145.447
1129 -53.7341 145.194
1130 -54.4184 144.979
1131 -55.0949 144.786
1132 -55.7288 144.597
1133 -56.3003 144.401
1134 -56.8053 144.187
1135 -57.2499 143.96
1136 -57.646 143.731
1137 -58.0047 143.518
1138 -58.3281 143.34
1139 -58.6047 143.207
1140 -58.8094 143.118
1141 -58.9079 143.056
1142 -58.8672 142.996
1143 -58.6676 142.912
1144 -58.3128 142.787
1145 -57.8358 142.624
1146 -57.2972 142.449
1147 -56.7759 142.301
1148 -56.3534 142.225
1149 -56.0942 142.249
1150 -56.0304 142.379
1151 -56.1572 142.59
1152 -56.439 142.831
1153 -56.8279 143.048
1154 -57.283 143.187
1155 -57.7847 143.219
1156 -58.3409 143.138
1157 -58.9815 142.966
1158 -59.7462 142.744
1159 -60.6672 142.52
1160 -61.7545 142.331
1161 -62.9882 142.199
1162 -64.3202 142.118
1163 -65.6878 142.061
1164 -67.0286 141.987
1165 -68.2895 141.862
1166 -69.438 141.666
1167 -70.4618 141.409
1168 -71.3727 141.126
1169 -72.1992 140.867
1170 -72.97 140.685
1171 -73.706 140.614
1172 -74.4098 140.662
1173 -75.0647 140.806
1174 -75.6378 141.003
1175 -76.0893 141.203
1176 -76.3866 141.363
1177 -76.5174 141.462
1178 -76.4984 141.5
1179 -76.3751 141.495
1180 -76.2141 141.475
1181 -76.0864 141.467
1182 -76.0498 141.489
1183 -76.1367 141.542
1184 -76.349 141.617
1185 -76.6635 141.692
1186 -77.0421 141.749
1187 -77.4439 141.772
1188 -77.835 141.76
1189 -78.1926 141.722
1190 -78.503 141.676
1191 -78.7604 141.637
1192 -78.9626 141.612
1193 -79.1074 141.596
1194 -79.1907 141.57
1195 -79.2051 141.509
1196 -79.138 141.389
1197 -78.9718 141.189
1198 -78.6857 140.899
1199 -78.2603 140.518
1200 -77.6851 140.05
1201 -76.9662 139.5
1202 -76.1295 138.876
1203 -75.2176 138.184
1204 -74.2812 137.433
1205 -73.3695 136.638
1206 -72.52 135.815
1207 -71.7539 134.986
1208 -71.0744 134.172
1209 -70.472 133.391
1210 -69.9333 132.65
1211 -69.4458 131.949
1212 -69.0002 131.273
1213 -68.5907 130.602
1214 -68.2144 129.914
1215 -67.8704 129.192
1216 -67.564 128.428
1217 -67.308 127.626
1218 -67.1223 126.8
1219 -67.0274 125.968
1220 -67.0327 125.139
1221 -67.1325 124.315
1222 -67.3055 123.487
1223 -67.5258 122.645
1224 -67.7746 121.783
1225 -68.051 120.91
1226 -68.3736 120.056
1227 -68.7717 119.268
1228 -69.2709 118.6
1229 -69.8773 118.099
1230 -70.5679 117.795
1231 -71.2936 117.69
1232 -71.9916 117.76
1233 -72.6013 117.956
1234 -73.0769 118.225
1235 -73.3923 118.515
1236 -73.5413 118.793
1237 -73.5321 119.046
1238 -73.3824 119.281
1239 -73.1129 119.514
1240 -72.743 119.756
1241 -72.287 120.009
1242 -71.7506 120.254
1243 -71.1342 120.457
1244 -70.4364 120.578
1245 -69.6583 120.583
1246 -68.813 120.462
1247 -67.9346 120.229
1248 -67.0805 119.926
1249 -66.3273 119.609
1250 -65.7591 119.336
1251 -65.4469 119.149
1252 -65.4304 119.067
1253 -65.7083 119.08
1254 -66.2421 119.159
1255 -66.9703 119.265
1256 -67.8291 119.368
1257 -68.7686 119.449
1258 -69.7625 119.512
1259 -70.8074 119.58
1260 -71.9129 119.685
1261 -73.0899 119.862
1262 -74.339 120.135
1263 -75.6425 120.51
1264 -76.9639 120.975
1265 -78.2521 121.5
1266 -79.448 122.05
1267 -80.4973 122.596
1268 -81.3502 123.118
1269 -81.9671 123.61
1270 -82.3295 124.081
1271 -82.4375 124.541
1272 -82.3081 124.999
1273 -81.9683 125.453
1274 -81.4476 125.89
1275 -80.7689 126.286
1276 -79.9456 126.619
1277 -78.9828 126.867
1278 -77.8825 127.016
1279 -76.6535 127.061
1280 -75.3169 127.008
1281 -73.9105 126.866
1282 -72.4884 126.654
1283 -71.1151 126.39
1284 -69.8562 126.096
1285 -68.7728 125.792
1286 -67.9117 125.497
1287 -67.3038 125.23
1288 -66.959 125.001
1289 -66.8674 124.813
1290 -67.0017 124.667
1291 -67.3212 124.555
1292 -67.7775 124.466
1293 -68.321 124.388
1294 -68.9067 124.311
1295 -69.4968 124.227
1296 -70.0601 124.134
1297 -70.5682 124.033
1298 -70.9923 123.929
1299 -71.3002 123.821
1300 -71.4545 123.705
1301 -71.4187 123.569
1302 -71.1638 123.396
1303 -70.6767 123.17
1304 -69.9643 122.879
1305 -69.0546 122.526
1306 -67.9929 122.126
1307 -66.8374 121.711
1308 -65.6476 121.321
1309 -64.4763 120.991
1310 -63.3635 120.744
1311 -62.3294 120.584
1312 -61.3749 120.492
1313 -60.4854 120.434
1314 -59.6412 120.373
1315 -58.8321 120.278
1316 -58.0665 120.134
1317 -57.3772 119.947
1318 -56.8173 119.74
1319 -56.4487 119.549
1320 -56.3246 119.407
1321 -56.472 119.337
1322 -56.8813 119.342
1323 -57.5062 119.406
1324 -58.2773 119.498
1325 -59.1222 119.587
1326 -59.9826 119.647
1327 -60.8229 119.675
1328 -61.632 119.681
1329 -62.4146 119.695
1330 -63.1798 119.746
1331 -63.931 119.859
1332 -64.6616 120.042
1333 -65.3519 120.284
1334 -65.9737 120.561
1335 -66.4956 120.839
1336 -66.89 121.089
1337 -67.1374 121.288
1338 -67.2315 121.428
1339 -67.1817 121.513
1340 -67.0153 121.558
1341 -66.7737 121.581
1342 -66.5061 121.601
1343 -66.2589 121.633
1344 -66.0652 121.684
1345 -65.9399 121.755
1346 -65.8782 121.844
1347 -65.8633 121.945
1348 -65.8748 122.058
1349 -65.898 122.185
1350 -65.9292 122.334
1351 -65.9748 122.516
1352 -66.0481 122.742
1353 -66.1644 123.017
1354 -66.3362 123.342
1355 -66.5723 123.715
1356 -66.8769 124.127
1357 -67.2514 124.564
1358 -67.6943 125.009
1359 -68.2006 125.442
1360 -68.7625 125.845
1361 -69.3684 126.198
1362 -70.004 126.485
1363 -70.6567 126.7
1364 -71.318 126.841
1365 -71.9835 126.913
1366 -72.6517 126.927
1367 -73.3179 126.901
1368 -73.9708 126.852
1369 -74.5883 126.797
1370 -75.1343 126.748
1371 -75.5656 126.709
1372 -75.8385 126.676
1373 -75.919 126.639
1374 -75.7888 126.586
1375 -75.4471 126.512
1376 -74.9098 126.42
1377 -74.205 126.327
1378 -73.3719 126.258
1379 -72.456 126.24
1380 -71.5001 126.29
1381 -70.5413 126.414
1382 -69.6038 126.597
1383 -68.7008 126.81
1384 -67.8354 127.018
1385 -67.0029 127.187
1386 -66.1992 127.296
1387 -65.4284 127.336
1388 -64.7046 127.316
1389 -64.0495 127.255
1390 -63.4865 127.175
1391 -63.0306 127.097
1392 -62.6811 127.031
1393 -62.4171 126.978
1394 -62.2026 126.928
1395 -61.998 126.865
1396 -61.7703 126.779
1397 -61.5037 126.666
1398 -61.2027 126.535
1399 -60.8912 126.408
1400 -60.6045 126.313
1401 -60.3795 126.276
1402 -60.244 126.317
1403 -60.2087 126.442
1404 -60.2648 126.64
1405 -60.3868 126.89
1406 -60.5383 127.162
1407 -60.6806 127.429
1408 -60.7802 127.671
1409 -60.814 127.877
1410 -60.7718 128.049
1411 -60.6562 128.195
1412 -60.4789 128.323
1413 -60.2561 128.445
1414 -60.0029 128.567
1415 -59.7291 128.69
1416 -59.4367 128.813
1417 -59.1208 128.929
1418 -58.7743 129.032
1419 -58.394 129.117
1420 -57.9864 129.179
1421 -57.5717 129.218
1422 -57.1835 129.236
1423 -56.8642 129.242
1424 -56.6574 129.247
1425 -56.599 129.263
1426 -56.7098 129.303
1427 -56.9928 129.374
1428 -57.4316 129.477
1429 -57.9951 129.604
1430 -58.6433 129.743
1431 -59.334 129.881
1432 -60.0304 130.003
1433 -60.7073 130.105
1434 -61.3555 130.19
1435 -61.9803 130.271
1436 -62.5971 130.37
1437 -63.2242 130.513
1438 -63.8738 130.72
1439 -64.5473 131.001
1440 -65.2322 131.354
1441 -65.9058 131.763
1442 -66.5435 132.206
1443 -67.1245 132.66
1444 -67.638 133.107
1445 -68.0893 133.541
1446 -68.4953 133.968
1447 -68.8782 134.403
1448 -69.2557 134.861
1449 -69.6321 135.352
1450 -69.9903 135.869
1451 -70.2922 136.389
1452 -70.4848 136.873
1453 -70.5122 137.275
1454 -70.3292 137.559
1455 -69.9118 137.701
1456 -69.2654 137.703
1457 -68.4271 137.59
1458 -67.4621 137.408
1459 -66.4534 137.208
1460 -65.4868 137.036
1461 -64.6343 136.916
1462 -63.9413 136.849
1463 -63.4234 136.817
1464 -63.0717 136.79
1465 -62.8623 136.744
1466 -62.7715 136.667
1467 -62.7858 136.56
1468 -62.9072 136.443
1469 -63.1497 136.346
1470 -63.5289 136.303
1471 -64.0479 136.338
1472 -64.6855 136.457
1473 -65.3911 136.641
1474 -66.089 136.847
1475 -66.694 137.02
1476 -67.1278 137.105
1477 -67.3332 137.065
1478 -67.2847 136.89
1479 -66.9908 136.594
1480 -66.4897 136.219
1481 -65.8393 135.815
1482 -65.1064 135.43
1483 -64.3519 135.098
1484 -63.6195 134.832
1485 -62.9281 134.622
1486 -62.2733 134.446
1487 -61.6331 134.273
1488 -60.978 134.072
1489 -60.2806 133.824
1490 -59.5265 133.515
1491 -58.7171 133.145
1492 -57.8695 132.722
1493 -57.0084 132.259
1494 -56.1568 131.77
1495 -55.3301 131.266
1496 -54.5281 130.75
1497 -53.7349 130.214
1498 -52.9241 129.645
1499 -52.0681 129.026
1500 -51.1496 128.347
1501 -50.1699 127.609
1502 -49.1538 126.83
1503 -48.1468 126.045
1504 -47.2089 125.294
1505 -46.4064 124.625
1506 -45.8 124.073
1507 -45.4356 123.661
1508 -45.3382 123.39
1509 -45.5097 123.246
1510 -45.9325 123.201
1511 -46.576 123.228
1512 -47.4046 123.303
1513 -48.3837 123.414
1514 -49.4852 123.558
1515 -50.6898 123.745
1516 -51.9837 123.986
1517 -53.3536 124.292
1518 -54.7806 124.668
1519 -56.2362 125.109
1520 -57.6816 125.601
1521 -59.071 126.122
1522 -60.3582 126.649
1523 -61.5051 127.16
1524 -62.488 127.642
1525 -63.2983 128.09
1526 -63.9411 128.509
1527 -64.4299 128.905
1528 -64.7812 129.29
1529 -65.0084 129.669
1530 -65.1171 130.042
1531 -65.1037 130.398
1532 -64.9572 130.718
1533 -64.6647 130.98
1534 -64.2188 131.166
1535 -63.6257 131.263
1536 -62.9107 131.274
1537 -62.1201 131.211
1538 -61.3145 131.097
1539 -60.5584 130.956
1540 -59.9127 130.807
1541 -59.4214 130.657
1542 -59.1064 130.499
1543 -58.9666 130.32
1544 -58.9846 130.103
1545 -59.1373 129.837
1546 -59.4038 129.52
1547 -59.7703 129.163
1548 -60.2321 128.787
1549 -60.7896 128.418
1550 -61.4392 128.081
1551 -62.1662 127.799
1552 -62.9385 127.579
1553 -63.7088 127.415
1554 -64.4189 127.285
1555 -65.0045 127.161
1556 -65.4077 127.015
1557 -65.5873 126.827
1558 -65.5278 126.592
1559 -65.2444 126.322
1560 -64.7814 126.043
1561 -64.2054 125.792
1562 -63.5924 125.603
1563 -63.0129 125.5
1564 -62.5191 125.491
1565 -62.136 125.564
1566 -61.8634 125.692
1567 -61.6839 125.841
1568 -61.5744 125.975
1569 -61.5158 126.067
1570 -61.5004 126.101
1571 -61.5334 126.079
1572 -61.63 126.013
1573 -61.8071 125.931
1574 -62.0743 125.859
1575 -62.4252 125.814
1576 -62.8325 125.799
1577 -63.2498 125.795
1578 -63.6191 125.769
1579 -63.883 125.687
1580 -63.9992 125.521
1581 -63.9508 125.264
1582 -63.7511 124.929
1583 -63.4421 124.545
1584 -63.0862 124.157
1585 -62.7528 123.808
1586 -62.502 123.532
1587 -62.3721 123.345
1588 -62.3732 123.243
1589 -62.4894 123.206
1590 -62.6853 123.201
1591 -62.9184 123.195
1592 -63.1511 123.162
1593 -63.3578 123.087
1594 -63.5294 122.974
1595 -63.6734 122.841
1596 -63.8099 122.716
1597 -63.9631 122.629
1598 -64.1488 122.602
1599 -64.3643 122.636
1600 -64.5816 122.713
1601 -64.7501 122.789
1602 -64.8068 122.815
1603 -64.6937 122.745
1604 -64.3763 122.555
1605 -63.856 122.25
1606 -63.1761 121.868
1607 -62.416 121.47
1608 -61.6723 121.121
1609 -61.0365 120.875
1610 -60.5748 120.754
1611 -60.3148 120.75
1612 -60.2451 120.827
1613 -60.3275 120.936
1614 -60.5138 121.034
1615 -60.7631 121.09
1616 -61.0543 121.096
1617 -61.3909 121.063
1618 -61.7967 121.021
1619 -62.3056 121.008
1620 -62.9448 121.058
1621 -63.7202 121.194
1622 -64.6044 121.413
1623 -65.5388 121.689
1624 -66.4429 121.972
1625 -67.2286 122.204
1626 -67.8186 122.332
1627 -68.1593 122.325
1628 -68.2288 122.178
1629 -68.038 121.911
1630 -67.6238 121.562
1631 -67.0411 121.175
1632 -66.3495 120.787
1633 -65.6001 120.42
1634 -64.8266 120.079
1635 -64.0399 119.753
1636 -63.2317 119.42
1637 -62.383 119.06
1638 -61.4783 118.656
1639 -60.5189 118.206
1640 -59.5296 117.718
1641 -58.5614 117.216
1642 -57.6852 116.732
1643 -56.9755 116.304
1644 -56.4935 115.968
1645 -56.2707 115.744
1646 -56.301 115.634
1647 -56.5435 115.618
1648 -56.9337 115.66
1649 -57.3992 115.72
1650 -57.8757 115.761
1651 -58.3171 115.761
1652 -58.7 115.716
1653 -59.02 115.639
1654 -59.2863 115.557
1655 -59.5111 115.499
1656 -59.7009 115.49
1657 -59.8483 115.542
1658 -59.9315 115.655
1659 -59.9188 115.815
1660 -59.7757 116
1661 -59.4764 116.188
1662 -59.0136 116.365
1663 -58.4043 116.528
1664 -57.6901 116.687
1665 -56.9305 116.867
1666 -56.1916 117.097
1667 -55.5314 117.404
1668 -54.9876 117.801
1669 -54.5698 118.285
1670 -54.2591 118.832
1671 -54.0191 119.402
1672 -53.8087 119.952
1673 -53.5954 120.444
1674 -53.366 120.85
1675 -53.129 121.162
1676 -52.9113 121.391
1677 -52.7514 121.56
1678 -52.6866 121.699
1679 -52.742 121.831
1680 -52.9214 121.966
1681 -53.2044 122.096
1682 -53.5496 122.195
1683 -53.905 122.23
1684 -54.2215 122.17
1685 -54.4667 121.994
1686 -54.6333 121.705
1687 -54.7411 121.324
1688 -54.8323 120.89
1689 -54.9592 120.45
1690 -55.168 120.046
1691 -55.4854 119.707
1692 -55.9078 119.441
1693 -56.4032 119.235
1694 -56.9209 119.067
1695 -57.4054 118.91
1696 -57.8133 118.744
1697 -58.1254 118.566
1698 -58.3512 118.389
1699 -58.5255 118.245
1700 -58.6998 118.176
1701 -58.9257 118.226
1702 -59.2388 118.426
1703 -59.6463 118.786
1704 -60.1224 119.287
1705 -60.6151 119.89
1706 -61.0601 120.543
1707 -61.3983 121.196
1708 -61.5924 121.811
1709 -61.6366 122.365
1710 -61.5592 122.858
1711 -61.415 123.3
1712 -61.271 123.707
1713 -61.1897 124.094
1714 -61.2145 124.467
1715 -61.3613 124.821
1716 -61.6196 125.141
1717 -61.9609 125.404
1718 -62.3532 125.588
1719 -62.7726 125.674
1720 -63.2114 125.653
1721 -63.6813 125.532
1722 -64.2098 125.334
1723 -64.8284 125.094
1724 -65.5591 124.853
1725 -66.4027 124.64
1726 -67.3308 124.466
1727 -68.2857 124.321
1728 -69.1869 124.178
1729 -69.946 124.001
1730 -70.4862 123.762
1731 -70.7552 123.445
1732 -70.7328 123.051
1733 -70.4314 122.598
1734 -69.8901 122.116
1735 -69.1641 121.639
1736 -68.3109 121.198
1737 -67.3762 120.808
1738 -66.3892 120.472
1739 -65.3625 120.176
1740 -64.293 119.895
1741 -63.1742 119.6
1742 -62.0074 119.266
1743 -60.8086 118.884
1744 -59.6123 118.464
1745 -58.4728 118.035
1746 -57.4524 117.636
1747 -56.6075 117.307
1748 -55.9736 117.077
1749 -55.5542 116.951
1750 -55.3158 116.909
1751 -55.1989 116.911
1752 -55.1329 116.907
1753 -55.0556 116.852
1754 -54.9282 116.718
1755 -54.7426 116.498
1756 -54.5207 116.209
1757 -54.3065 115.882
1758 -54.1513 115.557
1759 -54.1001 115.268
1760 -54.181 115.039
1761 -54.3974 114.878
1762 -54.7302 114.778
1763 -55.1429 114.72
1764 -55.5923 114.685
1765 -56.0407 114.656
1766 -56.4653 114.629
1767 -56.8635 114.613
1768 -57.2509 114.631
1769 -57.653 114.71
1770 -58.0938 114.872
1771 -58.5824 115.126
1772 -59.1036 115.459
1773 -59.6222 115.841
1774 -60.0904 116.231
1775 -60.4609 116.591
1776 -60.7015 116.888
1777 -60.8041 117.107
1778 -60.7874 117.251
1779 -60.6923 117.332
1780 -60.5728 117.37
1781 -60.485 117.388
1782 -60.4758 117.4
1783 -60.5748 117.415
1784 -60.7887 117.431
1785 -61.1036 117.438
1786 -61.4893 117.421
1787 -61.906 117.363
1788 -62.3154 117.25
1789 -62.6886 117.073
1790 -63.0106 116.836
1791 -63.2822 116.549
1792 -63.515 116.231
1793 -63.7236 115.907
1794 -63.9162 115.598
1795 -64.0877 115.316
1796 -64.2185 115.07
1797 -64.2797 114.857
1798 -64.2454 114.674
1799 -64.1035 114.52
1800 -63.8652 114.406
1801 -63.5669 114.348
1802 -63.2633 114.376
1803 -63.0179 114.521
1804 -62.8878 114.81
1805 -62.9072 115.26
1806 -63.0801 115.869
1807 -63.3797 116.615
1808 -63.7561 117.462
1809 -64.1496 118.36
1810 -64.5078 119.26
1811 -64.7957 120.115
1812 -65.0028 120.893
1813 -65.1407 121.576
1814 -65.2367 122.159
1815 -65.3254 122.655
1816 -65.4379 123.078
1817 -65.5931 123.441
1818 -65.7943 123.745
1819 -66.031 123.981
1820 -66.2847 124.136
1821 -66.5377 124.197
1822 -66.7826 124.163
1823 -67.0262 124.051
1824 -67.2894 123.894
1825 -67.6036 123.737
1826 -68.0005 123.627
1827 -68.5 123.601
1828 -69.0971 123.681
1829 -69.7567 123.864
1830 -70.4169 124.126
1831 -70.9981 124.427
1832 -71.4187 124.72
1833 -71.6125 124.958
1834 -71.5419 125.108
1835 -71.2008 125.149
1836 -70.6154 125.084
1837 -69.8379 124.933
1838 -68.935 124.731
1839 -67.9756 124.516
1840 -67.0199 124.318
1841 -66.1105 124.153
1842 -65.2744 124.017
1843 -64.5202 123.895
1844 -63.8466 123.767
1845 -63.2549 123.621
1846 -62.7533 123.458
1847 -62.3582 123.287
1848 -62.0908 123.126
1849 -61.9695 122.993
1850 -62.0002 122.894
1851 -62.1689 122.826
1852 -62.4365 122.771
1853 -62.7438 122.695
1854 -63.0214 122.558
1855 -63.2007 122.321
1856 -63.2284 121.949
1857 -63.0762 121.424
1858 -62.7453 120.75
1859 -62.2647 119.953
1860 -61.685 119.073
1861 -61.0661 118.164
1862 -60.4658 117.273
1863 -59.9273 116.438
1864 -59.4732 115.68
1865 -59.1049 115.004
1866 -58.8063 114.41
1867 -58.5522 113.891
1868 -58.3173 113.446
1869 -58.0834 113.081
1870 -57.8434 112.807
1871 -57.6001 112.639
1872 -57.3627 112.593
1873 -57.14 112.679
1874 -56.9336 112.9
1875 -56.7347 113.246
1876 -56.5234 113.695
1877 -56.2735 114.22
1878 -55.9615 114.789
1879 -55.5765 115.377
1880 -55.1265 115.973
1881 -54.642 116.584
1882 -54.1726 117.228
1883 -53.7772 117.93
1884 -53.5106 118.715
1885 -53.4106 119.592
1886 -53.4905 120.558
1887 -53.7376 121.589
1888 -54.1203 122.653
1889 -54.5979 123.709
1890 -55.133 124.725
1891 -55.6995 125.678
1892 -56.2868 126.566
1893 -56.8956 127.393
1894 -57.5319 128.174
1895 -58.201 128.918
1896 -58.9003 129.632
1897 -59.6127 130.304
1898 -60.3102 130.914
1899 -60.9591 131.44
1900 -61.5243 131.858
1901 -61.9783 132.157
1902 -62.3063 132.337
1903 -62.5093 132.416
1904 -62.6019 132.425
1905 -62.6085 132.399
1906 -62.5559 132.374
1907 -62.4668 132.378
1908 -62.3535 132.42
1909 -62.2147 132.496
1910 -62.0365 132.588
1911 -61.7979 132.671
1912 -61.4769 132.726
1913 -61.0607 132.742
1914 -60.5513 132.722
1915 -59.9673 132.682
1916 -59.3412 132.644
1917 -58.713 132.625
1918 -58.1211 132.639
1919 -57.5947 132.687
1920 -57.1505 132.764
1921 -56.7933 132.858
1922 -56.5227 132.961
1923 -56.3376 133.069
1924 -56.2411 133.185
1925 -56.242 133.32
1926 -56.3504 133.485
1927 -56.5749 133.691
1928 -56.9164 133.942
1929 -57.3653 134.236
1930 -57.8995 134.565
1931 -58.4863 134.911
1932 -59.0845 135.257
1933 -59.6483 135.585
1934 -60.1316 135.879
1935 -60.4956 136.126
1936 -60.7135 136.32
1937 -60.7741 136.457
1938 -60.682 136.542
1939 -60.455 136.58
1940 -60.1181 136.581
1941 -59.6979 136.553
1942 -59.2186 136.502
1943 -58.6986 136.431
1944 -58.1525 136.343
1945 -57.5967 136.24
1946 -57.052 136.126
1947 -56.5465 136.007
1948 -56.114 135.89
1949 -55.7893 135.778
1950 -55.6043 135.671
1951 -55.5816 135.568
1952 -55.7316 135.466
1953 -56.0514 135.365
1954 -56.5254 135.265
1955 -57.1275 135.167
1956 -57.8252 135.072
1957 -58.5845 134.975
1958 -59.3721 134.872
1959 -60.159 134.761
1960 -60.9241 134.647
1961 -61.6532 134.543
1962 -62.3358 134.465
1963 -62.9629 134.434
1964 -63.5225 134.46
1965 -63.9968 134.551
1966 -64.3636 134.701
1967 -64.6009 134.903
1968 -64.6936 135.145
1969 -64.6397 135.423
1970 -64.4509 135.731
1971 -64.1524 136.07
1972 -63.7783 136.444
1973 -63.3652 136.857
1974 -62.9467 137.312
1975 -62.548 137.81
1976 -62.1851 138.345
1977 -61.865 138.905
1978 -61.5885 139.47
1979 -61.354 140.016
1980 -61.1595 140.517
1981 -61.005 140.954
1982 -60.8921 141.314
1983 -60.8232 141.596
1984 -60.7991 141.803
1985 -60.8156 141.937
1986 -60.8626 142
1987 -60.9239 141.986
1988 -60.9794 141.883
1989 -61.0083 141.682
1990 -60.9954 141.376
1991 -60.9343 140.968
1992 -60.8311 140.474
1993 -60.7049 139.915
1994 -60.586 139.324
1995 -60.5118 138.73
1996 -60.5209 138.168
1997 -60.6455 137.665
1998 -60.9069 137.248
1999 -61.3118 136.939
2000 -61.8518 136.757
2001 -62.5051 136.717
