     1	-71.7892
     2	-71.4809
     3	-71.2856
     4	-71.2727
     5	-71.4752
     6	-71.8771
     7	-72.4161
     8	-72.9999
     9	-73.5289
    10	-73.9201
    11	-74.1209
    12	-74.1195
    13	-73.9473
    14	-73.674
    15	-73.3926
    16	-73.1959
    17	-73.1531
    18	-73.2938
    19	-73.6052
    20	-74.0437
    21	-74.5543
    22	-75.0877
    23	-75.6168
    24	-76.1413
    25	-76.6803
    26	-77.2622
    27	-77.9088
    28	-78.6257
    29	-79.3963
    30	-80.181
    31	-80.9255
    32	-81.5687
    33	-82.0578
    34	-82.3614
    35	-82.479
    36	-82.4475
    37	-82.3393
    38	-82.2495
    39	-82.2747
    40	-82.4896
    41	-82.9253
    42	-83.5605
    43	-84.3296
    44	-85.145
    45	-85.9234
    46	-86.6089
    47	-87.184
    48	-87.6661
    49	-88.0928
    50	-88.5052
    51	-88.927
    52	-89.3535
    53	-89.7492
    54	-90.059
    55	-90.2286
    56	-90.223
    57	-90.0371
    58	-89.6992
    59	-89.2666
    60	-88.8186
    61	-88.4436
    62	-88.2209
    63	-88.2003
    64	-88.3867
    65	-88.7345
    66	-89.1593
    67	-89.5583
    68	-89.8365
    69	-89.926
    70	-89.7952
    71	-89.4511
    72	-88.932
    73	-88.2921
    74	-87.5828
    75	-86.8333
    76	-86.0421
    77	-85.1789
    78	-84.2033
    79	-83.085
    80	-81.819
    81	-80.4379
    82	-79.0126
    83	-77.6379
    84	-76.4089
    85	-75.3938
    86	-74.611
    87	-74.0224
    88	-73.5434
    89	-73.0655
    90	-72.4868
    91	-71.7372
    92	-70.7948
    93	-69.6928
    94	-68.5104
    95	-67.3491
    96	-66.3043
    97	-65.4393
    98	-64.7737
    99	-64.2873
   100	-63.935
   101	-63.6666
   102	-63.4452
   103	-63.258
   104	-63.1182
   105	-63.0568
   106	-63.1089
   107	-63.2979
   108	-63.6225
   109	-64.0511
   110	-64.5244
   111	-64.9649
   112	-65.2918
   113	-65.4351
   114	-65.3489
   115	-65.0231
   116	-64.4849
   117	-63.7968
   118	-63.0442
   119	-62.3175
   120	-61.694
   121	-61.2162
   122	-60.8802
   123	-60.6411
   124	-60.4329
   125	-60.1928
   126	-59.886
   127	-59.5185
   128	-59.1348
   129	-58.8049
   130	-58.6008
   131	-58.5694
   132	-58.7129
   133	-58.9826
   134	-59.2912
   135	-59.5419
   136	-59.6587
   137	-59.6117
   138	-59.4274
   139	-59.1851
   140	-58.9987
   141	-58.986
   142	-59.2341
   143	-59.7702
   144	-60.5548
   145	-61.4974
   146	-62.4889
   147	-63.4323
   148	-64.2668
   149	-64.9759
   150	-65.5816
   151	-66.134
   152	-66.6922
   153	-67.3012
   154	-67.9711
   155	-68.6676
   156	-69.3176
   157	-69.8291
   158	-70.1195
   159	-70.1407
   160	-69.8945
   161	-69.436
   162	-68.8604
   163	-68.2787
   164	-67.7836
   165	-67.4195
   166	-67.1746
   167	-66.992
   168	-66.7935
   169	-66.5047
   170	-66.0741
   171	-65.4835
   172	-64.7528
   173	-63.9389
   174	-63.1265
   175	-62.4083
   176	-61.8595
   177	-61.5158
   178	-61.3646
   179	-61.3534
   180	-61.4101
   181	-61.4687
   182	-61.4897
   183	-61.4717
   184	-61.4475
   185	-61.4686
   186	-61.5836
   187	-61.8182
   188	-62.1653
   189	-62.5869
   190	-63.0242
   191	-63.4129
   192	-63.7002
   193	-63.8542
   194	-63.8717
   195	-63.7807
   196	-63.6321
   197	-63.4857
   198	-63.3942
   199	-63.3901
   200	-63.4778
   201	-63.6345
   202	-63.8185
   203	-63.9829
   204	-64.0907
   205	-64.1268
   206	-64.1032
   207	-64.0581
   208	-64.0468
   209	-64.127
   210	-64.3407
   211	-64.698
   212	-65.1691
   213	-65.6889
   214	-66.174
   215	-66.547
   216	-66.7564
   217	-66.7887
   218	-66.6686
   219	-66.4493
   220	-66.1976
   221	-65.9739
   222	-65.8152
   223	-65.7262
   224	-65.6826
   225	-65.6428
   226	-65.5673
   227	-65.4339
   228	-65.2487
   229	-65.047
   230	-64.8869
   231	-64.8355
   232	-64.9516
   233	-65.2685
   234	-65.7821
   235	-66.4511
   236	-67.2078
   237	-67.975
   238	-68.6843
   239	-69.2904
   240	-69.7738
   241	-70.1394
   242	-70.4077
   243	-70.6029
   244	-70.7414
   245	-70.8225
   246	-70.8284
   247	-70.7307
   248	-70.4994
   249	-70.1117
   250	-69.558
   251	-68.8449
   252	-67.9984
   253	-67.0593
   254	-66.0782
   255	-65.1093
   256	-64.1971
   257	-63.3671
   258	-62.6238
   259	-61.9545
   260	-61.3387
   261	-60.76
   262	-60.2146
   263	-59.7099
   264	-59.2604
   265	-58.8796
   266	-58.572
   267	-58.3336
   268	-58.1555
   269	-58.0313
   270	-57.9618
   271	-57.9554
   272	-58.0243
   273	-58.1796
   274	-58.4286
   275	-58.7734
   276	-59.2124
   277	-59.741
   278	-60.3544
   279	-61.0445
   280	-61.7946
   281	-62.5775
   282	-63.3535
   283	-64.0718
   284	-64.6771
   285	-65.1187
   286	-65.3588
   287	-65.3772
   288	-65.1751
   289	-64.7749
   290	-64.2182
   291	-63.5592
   292	-62.8548
   293	-62.1564
   294	-61.5006
   295	-60.9053
   296	-60.3747
   297	-59.9103
   298	-59.5252
   299	-59.2519
   300	-59.1377
   301	-59.234
   302	-59.5774
   303	-60.1697
   304	-60.9687
   305	-61.8949
   306	-62.8502
   307	-63.7415
   308	-64.4978
   309	-65.081
   310	-65.4895
   311	-65.7533
   312	-65.9233
   313	-66.0569
   314	-66.2007
   315	-66.3763
   316	-66.5756
   317	-66.7645
   318	-66.8964
   319	-66.927
   320	-66.8287
   321	-66.5977
   322	-66.2545
   323	-65.8367
   324	-65.3874
   325	-64.9423
   326	-64.5195
   327	-64.1175
   328	-63.7149
   329	-63.28
   330	-62.7844
   331	-62.2141
   332	-61.5789
   333	-60.9153
   334	-60.2832
   335	-59.7559
   336	-59.405
   337	-59.2862
   338	-59.4303
   339	-59.8381
   340	-60.4791
   341	-61.2947
   342	-62.2085
   343	-63.1369
   344	-64.0038
   345	-64.756
   346	-65.3682
   347	-65.8426
   348	-66.2008
   349	-66.471
   350	-66.6747
   351	-66.8181
   352	-66.8911
   353	-66.8733
   354	-66.7441
   355	-66.4922
   356	-66.1225
   357	-65.658
   358	-65.1408
   359	-64.6283
   360	-64.1867
   361	-63.8765
   362	-63.7353
   363	-63.7627
   364	-63.9147
   365	-64.1144
   366	-64.2746
   367	-64.3261
   368	-64.2402
   369	-64.0421
   370	-63.8065
   371	-63.6386
   372	-63.6408
   373	-63.8791
   374	-64.361
   375	-65.0383
   376	-65.8294
   377	-66.6516
   378	-67.4455
   379	-68.1865
   380	-68.8834
   381	-69.5677
   382	-70.2759
   383	-71.0322
   384	-71.8341
   385	-72.6467
   386	-73.406
   387	-74.0326
   388	-74.4473
   389	-74.5879
   390	-74.4212
   391	-73.95
   392	-73.215
   393	-72.2849
   394	-71.2427
   395	-70.1699
   396	-69.1279
   397	-68.1506
   398	-67.2439
   399	-66.3955
   400	-65.5923
   401	-64.8309
   402	-64.1242
   403	-63.502
   404	-63.0054
   405	-62.6754
   406	-62.5421
   407	-62.6143
   408	-62.8746
   409	-63.2796
   410	-63.7649
   411	-64.2561
   412	-64.6829
   413	-64.9915
   414	-65.1577
   415	-65.1953
   416	-65.1511
   417	-65.0905
   418	-65.0759
   419	-65.1435
   420	-65.2897
   421	-65.4715
   422	-65.6221
   423	-65.674
   424	-65.5809
   425	-65.3284
   426	-64.9367
   427	-64.4548
   428	-63.9505
   429	-63.4987
   430	-63.1653
   431	-62.9914
   432	-62.9793
   433	-63.0911
   434	-63.2611
   435	-63.4196
   436	-63.5201
   437	-63.5584
   438	-63.5802
   439	-63.6709
   440	-63.9314
   441	-64.4422
   442	-65.2333
   443	-66.2736
   444	-67.4824
   445	-68.7526
   446	-69.9836
   447	-71.1055
   448	-72.0879
   449	-72.9375
   450	-73.6843
   451	-74.3665
   452	-75.0134
   453	-75.6371
   454	-76.2277
   455	-76.7539
   456	-77.1753
   457	-77.4547
   458	-77.5705
   459	-77.523
   460	-77.3361
   461	-77.0513
   462	-76.7201
   463	-76.3894
   464	-76.0899
   465	-75.8267
   466	-75.5785
   467	-75.305
   468	-74.96
   469	-74.5073
   470	-73.936
   471	-73.2665
   472	-72.5479
   473	-71.8421
   474	-71.2073
   475	-70.683
   476	-70.2844
   477	-70.0067
   478	-69.8374
   479	-69.7668
   480	-69.7959
   481	-69.9351
   482	-70.1984
   483	-70.5956
   484	-71.1261
   485	-71.7792
   486	-72.5362
   487	-73.3718
   488	-74.2567
   489	-75.1541
   490	-76.0142
   491	-76.777
   492	-77.3823
   493	-77.7832
   494	-77.958
   495	-77.9135
   496	-77.6792
   497	-77.2953
   498	-76.7993
   499	-76.215
   500	-75.547
   501	-74.7827
   502	-73.9014
   503	-72.884
   504	-71.7232
   505	-70.4287
   506	-69.0301
   507	-67.5786
   508	-66.143
   509	-64.8056
   510	-63.6514
   511	-62.7496
   512	-62.1354
   513	-61.8025
   514	-61.7085
   515	-61.7901
   516	-61.9888
   517	-62.2708
   518	-62.6376
   519	-63.1216
   520	-63.771
   521	-64.625
   522	-65.6948
   523	-66.9509
   524	-68.3278
   525	-69.7405
   526	-71.1048
   527	-72.3555
   528	-73.4532
   529	-74.3847
   530	-75.1609
   531	-75.8078
   532	-76.359
   533	-76.8456
   534	-77.2892
   535	-77.6962
   536	-78.0566
   537	-78.348
   538	-78.543
   539	-78.62
   540	-78.5701
   541	-78.4033
   542	-78.148
   543	-77.8443
   544	-77.5346
   545	-77.2524
   546	-77.0152
   547	-76.823
   548	-76.6641
   549	-76.5228
   550	-76.3879
   551	-76.2577
   552	-76.1426
   553	-76.0638
   554	-76.0514
   555	-76.137
   556	-76.3483
   557	-76.7005
   558	-77.1912
   559	-77.7969
   560	-78.4739
   561	-79.1655
   562	-79.8153
   563	-80.3756
   564	-80.8175
   565	-81.1355
   566	-81.3422
   567	-81.4598
   568	-81.509
   569	-81.4996
   570	-81.4253
   571	-81.2642
   572	-80.9837
   573	-80.5491
   574	-79.9322
   575	-79.1198
   576	-78.1181
   577	-76.9509
   578	-75.6622
   579	-74.3071
   580	-72.9331
   581	-71.5692
   582	-70.2157
   583	-68.8476
   584	-67.4267
   585	-65.9192
   586	-64.3164
   587	-62.6491
   588	-60.9949
   589	-59.4695
   590	-58.1998
   591	-57.2919
   592	-56.8004
   593	-56.716
   594	-56.972
   595	-57.4678
   596	-58.0982
   597	-58.7796
   598	-59.4608
   599	-60.1236
   600	-60.7764
   601	-61.4369
   602	-62.1142
   603	-62.7972
   604	-63.4492
   605	-64.0126
   606	-64.4224
   607	-64.6215
   608	-64.5757
   609	-64.2843
   610	-63.7845
   611	-63.1488
   612	-62.4725
   613	-61.8537
   614	-61.3697
   615	-61.0607
   616	-60.9248
   617	-60.927
   618	-61.0171
   619	-61.1505
   620	-61.3043
   621	-61.4813
   622	-61.7043
   623	-62.003
   624	-62.3994
   625	-62.8982
   626	-63.4859
   627	-64.1323
   628	-64.7992
   629	-65.4463
   630	-66.0368
   631	-66.5449
   632	-66.9644
   633	-67.3117
   634	-67.6239
   635	-67.9488
   636	-68.3303
   637	-68.7935
   638	-69.33
   639	-69.8961
   640	-70.4227
   641	-70.831
   642	-71.0529
   643	-71.0474
   644	-70.8085
   645	-70.3611
   646	-69.7519
   647	-69.0371
   648	-68.2691
   649	-67.4861
   650	-66.7096
   651	-65.9423
   652	-65.1716
   653	-64.383
   654	-63.5713
   655	-62.7486
   656	-61.9526
   657	-61.2439
   658	-60.6966
   659	-60.3775
   660	-60.3226
   661	-60.5173
   662	-60.8916
   663	-61.3324
   664	-61.7116
   665	-61.9184
   666	-61.8844
   667	-61.5954
   668	-61.0886
   669	-60.4378
   670	-59.7287
   671	-59.0322
   672	-58.386
   673	-57.7818
   674	-57.1748
   675	-56.5085
   676	-55.7372
   677	-54.8472
   678	-53.8635
   679	-52.8494
   680	-51.8958
   681	-51.0973
   682	-50.5245
   683	-50.2039
   684	-50.1098
   685	-50.1747
   686	-50.3117
   687	-50.442
   688	-50.5175
   689	-50.5333
   690	-50.5297
   691	-50.5805
   692	-50.7714
   693	-51.1734
   694	-51.8198
   695	-52.6947
   696	-53.7377
   697	-54.8585
   698	-55.9646
   699	-56.9817
   700	-57.8663
   701	-58.6094
   702	-59.2311
   703	-59.7666
   704	-60.2486
   705	-60.6945
   706	-61.0984
   707	-61.4321
   708	-61.6527
   709	-61.7157
   710	-61.5899
   711	-61.2698
   712	-60.7844
   713	-60.1977
   714	-59.6
   715	-59.0897
   716	-58.7526
   717	-58.6414
   718	-58.7643
   719	-59.0824
   720	-59.5221
   721	-59.9953
   722	-60.424
   723	-60.7606
   724	-60.9971
   725	-61.1597
   726	-61.2957
   727	-61.4559
   728	-61.6765
   729	-61.9685
   730	-62.3143
   731	-62.6745
   732	-63.0047
   733	-63.273
   734	-63.4751
   735	-63.64
   736	-63.8246
   737	-64.0967
   738	-64.5142
   739	-65.1037
   740	-65.8473
   741	-66.6819
   742	-67.5119
   743	-68.2268
   744	-68.7238
   745	-68.9298
   746	-68.8099
   747	-68.3704
   748	-67.6505
   749	-66.7115
   750	-65.6208
   751	-64.4321
   752	-63.1733
   753	-61.8404
   754	-60.4097
   755	-58.8643
   756	-57.2144
   757	-55.5124
   758	-53.8528
   759	-52.3579
   760	-51.1535
   761	-50.3341
   762	-49.9361
   763	-49.9273
   764	-50.2179
   765	-50.6845
   766	-51.2034
   767	-51.6796
   768	-52.064
   769	-52.3574
   770	-52.6021
   771	-52.8588
   772	-53.1786
   773	-53.5792
   774	-54.0345
   775	-54.483
   776	-54.8481
   777	-55.0639
   778	-55.0955
   779	-54.9507
   780	-54.6826
   781	-54.382
   782	-54.1582
   783	-54.1158
   784	-54.3291
   785	-54.8237
   786	-55.5709
   787	-56.5001
   788	-57.5164
   789	-58.5248
   790	-59.4555
   791	-60.2768
   792	-60.999
   793	-61.6656
   794	-62.3335
   795	-63.0492
   796	-63.8267
   797	-64.6377
   798	-65.4101
   799	-66.0443
   800	-66.4429
   801	-66.5346
   802	-66.2939
   803	-65.7475
   804	-64.9684
   805	-64.0594
   806	-63.132
   807	-62.2799
   808	-61.5644
   809	-61.0035
   810	-60.5713
   811	-60.2156
   812	-59.8824
   813	-59.5398
   814	-59.1943
   815	-58.8943
   816	-58.7201
   817	-58.7595
   818	-59.0784
   819	-59.6925
   820	-60.5539
   821	-61.5593
   822	-62.5765
   823	-63.4821
   824	-64.1885
   825	-64.6531
   826	-64.8786
   827	-64.9024
   828	-64.7799
   829	-64.5654
   830	-64.2945
   831	-63.9723
   832	-63.5707
   833	-63.0387
   834	-62.32
   835	-61.3745
   836	-60.2004
   837	-58.8467
   838	-57.4157
   839	-56.0455
   840	-54.8783
   841	-54.0215
   842	-53.5157
   843	-53.3274
   844	-53.3659
   845	-53.5149
   846	-53.6708
   847	-53.7689
   848	-53.795
   849	-53.7805
   850	-53.784
   851	-53.8667
   852	-54.0663
   853	-54.3808
   854	-54.765
   855	-55.144
   856	-55.4348
   857	-55.5689
   858	-55.5118
   859	-55.273
   860	-54.9064
   861	-54.5001
   862	-54.154
   863	-53.9541
   864	-53.9497
   865	-54.1417
   866	-54.4856
   867	-54.9074
   868	-55.3251
   869	-55.6709
   870	-55.9095
   871	-56.0463
   872	-56.1227
   873	-56.2023
   874	-56.3481
   875	-56.5993
   876	-56.9556
   877	-57.3724
   878	-57.7736
   879	-58.073
   880	-58.1975
   881	-58.1122
   882	-57.8321
   883	-57.4211
   884	-56.9756
   885	-56.5981
   886	-56.3716
   887	-56.3399
   888	-56.4982
   889	-56.7973
   890	-57.1597
   891	-57.5008
   892	-57.7523
   893	-57.8753
   894	-57.8664
   895	-57.7531
   896	-57.5821
   897	-57.4017
   898	-57.2443
   899	-57.1115
   900	-56.9689
   901	-56.7546
   902	-56.3983
   903	-55.8439
   904	-55.0692
   905	-54.0975
   906	-52.9986
   907	-51.8771
   908	-50.8484
   909	-50.0104
   910	-49.4168
   911	-49.0636
   912	-48.8936
   913	-48.8176
   914	-48.7426
   915	-48.598
   916	-48.3516
   917	-48.0134
   918	-47.6292
   919	-47.2638
   920	-46.9777
   921	-46.8047
   922	-46.7391
   923	-46.7342
   924	-46.717
   925	-46.6106
   926	-46.357
   927	-45.9363
   928	-45.3766
   929	-44.7515
   930	-44.165
   931	-43.7244
   932	-43.508
   933	-43.5421
   934	-43.7948
   935	-44.1885
   936	-44.6292
   937	-45.0361
   938	-45.3655
   939	-45.6197
   940	-45.8436
   941	-46.1065
   942	-46.4789
   943	-47.0081
   944	-47.7041
   945	-48.5374
   946	-49.4487
   947	-50.3663
   948	-51.2243
   949	-51.9771
   950	-52.6099
   951	-53.1408
   952	-53.6164
   953	-54.1008
   954	-54.6588
   955	-55.336
   956	-56.1441
   957	-57.0532
   958	-57.9965
   959	-58.8872
   960	-59.6427
   961	-60.2108
   962	-60.5857
   963	-60.8108
   964	-60.9661
   965	-61.1463
   966	-61.4363
   967	-61.8902
   968	-62.5188
   969	-63.2884
   970	-64.1303
   971	-64.9619
   972	-65.7093
   973	-66.3288
   974	-66.817
   975	-67.209
   976	-67.5657
   977	-67.9527
   978	-68.4147
   979	-68.9574
   980	-69.5415
   981	-70.0956
   982	-70.5396
   983	-70.8121
   984	-70.8875
   985	-70.7831
   986	-70.5555
   987	-70.2871
   988	-70.0665
   989	-69.9654
   990	-70.0187
   991	-70.213
   992	-70.4894
   993	-70.7598
   994	-70.9306
   995	-70.9271
   996	-70.712
   997	-70.2929
   998	-69.7241
   999	-69.091
  1000	-68.4847
  1001	-67.9721
  1002	-67.5737
  1003	-67.2594
  1004	-66.9634
  1005	-66.6111
  1006	-66.148
  1007	-65.5603
  1008	-64.8825
  1009	-64.1897
  1010	-63.5781
  1011	-63.1375
  1012	-62.9231
  1013	-62.9391
  1014	-63.1374
  1015	-63.4306
  1016	-63.7182
  1017	-63.9115
  1018	-63.9543
  1019	-63.8329
  1020	-63.5748
  1021	-63.2375
  1022	-62.8898
  1023	-62.5901
  1024	-62.3699
  1025	-62.2261
  1026	-62.1264
  1027	-62.0223
  1028	-61.8658
  1029	-61.626
  1030	-61.3007
  1031	-60.9198
  1032	-60.5391
  1033	-60.2302
  1034	-60.0623
  1035	-60.0847
  1036	-60.3165
  1037	-60.7433
  1038	-61.3225
  1039	-61.9931
  1040	-62.6906
  1041	-63.3601
  1042	-63.9687
  1043	-64.5116
  1044	-65.0127
  1045	-65.5163
  1046	-66.0734
  1047	-66.723
  1048	-67.4772
  1049	-68.3109
  1050	-69.1679
  1051	-69.9775
  1052	-70.6769
  1053	-71.2308
  1054	-71.639
  1055	-71.9343
  1056	-72.1684
  1057	-72.3949
  1058	-72.6523
  1059	-72.9519
  1060	-73.2743
  1061	-73.5739
  1062	-73.7919
  1063	-73.8715
  1064	-73.7725
  1065	-73.4819
  1066	-73.0181
  1067	-72.4298
  1068	-71.7854
  1069	-71.1567
  1070	-70.6015
  1071	-70.1487
  1072	-69.7946
  1073	-69.5111
  1074	-69.2624
  1075	-69.0222
  1076	-68.7835
  1077	-68.5618
  1078	-68.3887
  1079	-68.3033
  1080	-68.3407
  1081	-68.5206
  1082	-68.8385
  1083	-69.2626
  1084	-69.7354
  1085	-70.1874
  1086	-70.5505
  1087	-70.7739
  1088	-70.8334
  1089	-70.7334
  1090	-70.5003
  1091	-70.1684
  1092	-69.7636
  1093	-69.2938
  1094	-68.7462
  1095	-68.0942
  1096	-67.311
  1097	-66.3841
  1098	-65.325
  1099	-64.1722
  1100	-62.9853
  1101	-61.8327
  1102	-60.7743
  1103	-59.8483
  1104	-59.0641
  1105	-58.4001
  1106	-57.8144
  1107	-57.2582
  1108	-56.6922
  1109	-56.0976
  1110	-55.4787
  1111	-54.8599
  1112	-54.2761
  1113	-53.7586
  1114	-53.3248
  1115	-52.9772
  1116	-52.7034
  1117	-52.4817
  1118	-52.2881
  1119	-52.1039
  1120	-51.9216
  1121	-51.7493
  1122	-51.611
  1123	-51.5408
  1124	-51.5754
  1125	-51.7432
  1126	-52.0573
  1127	-52.5123
  1128	-53.0841
  1129	-53.7341
  1130	-54.4184
  1131	-55.0949
  1132	-55.7288
  1133	-56.3003
  1134	-56.8053
  1135	-57.2499
  1136	-57.646
  1137	-58.0047
  1138	-58.3281
  1139	-58.6047
  1140	-58.8094
  1141	-58.9079
  1142	-58.8672
  1143	-58.6676
  1144	-58.3128
  1145	-57.8358
  1146	-57.2972
  1147	-56.7759
  1148	-56.3534
  1149	-56.0942
  1150	-56.0304
  1151	-56.1572
  1152	-56.439
  1153	-56.8279
  1154	-57.283
  1155	-57.7847
  1156	-58.3409
  1157	-58.9815
  1158	-59.7462
  1159	-60.6672
  1160	-61.7545
  1161	-62.9882
  1162	-64.3202
  1163	-65.6878
  1164	-67.0286
  1165	-68.2895
  1166	-69.438
  1167	-70.4618
  1168	-71.3727
  1169	-72.1992
  1170	-72.97
  1171	-73.706
  1172	-74.4098
  1173	-75.0647
  1174	-75.6378
  1175	-76.0893
  1176	-76.3866
  1177	-76.5174
  1178	-76.4984
  1179	-76.3751
  1180	-76.2141
  1181	-76.0864
  1182	-76.0498
  1183	-76.1367
  1184	-76.349
  1185	-76.6635
  1186	-77.0421
  1187	-77.4439
  1188	-77.835
  1189	-78.1926
  1190	-78.503
  1191	-78.7604
  1192	-78.9626
  1193	-79.1074
  1194	-79.1907
  1195	-79.2051
  1196	-79.138
  1197	-78.9718
  1198	-78.6857
  1199	-78.2603
  1200	-77.6851
  1201	-76.9662
  1202	-76.1295
  1203	-75.2176
  1204	-74.2812
  1205	-73.3695
  1206	-72.52
  1207	-71.7539
  1208	-71.0744
  1209	-70.472
  1210	-69.9333
  1211	-69.4458
  1212	-69.0002
  1213	-68.5907
  1214	-68.2144
  1215	-67.8704
  1216	-67.564
  1217	-67.308
  1218	-67.1223
  1219	-67.0274
  1220	-67.0327
  1221	-67.1325
  1222	-67.3055
  1223	-67.5258
  1224	-67.7746
  1225	-68.051
  1226	-68.3736
  1227	-68.7717
  1228	-69.2709
  1229	-69.8773
  1230	-70.5679
  1231	-71.2936
  1232	-71.9916
  1233	-72.6013
  1234	-73.0769
  1235	-73.3923
  1236	-73.5413
  1237	-73.5321
  1238	-73.3824
  1239	-73.1129
  1240	-72.743
  1241	-72.287
  1242	-71.7506
  1243	-71.1342
  1244	-70.4364
  1245	-69.6583
  1246	-68.813
  1247	-67.9346
  1248	-67.0805
  1249	-66.3273
  1250	-65.7591
  1251	-65.4469
  1252	-65.4304
  1253	-65.7083
  1254	-66.2421
  1255	-66.9703
  1256	-67.8291
  1257	-68.7686
  1258	-69.7625
  1259	-70.8074
  1260	-71.9129
  1261	-73.0899
  1262	-74.339
  1263	-75.6425
  1264	-76.9639
  1265	-78.2521
  1266	-79.448
  1267	-80.4973
  1268	-81.3502
  1269	-81.9671
  1270	-82.3295
  1271	-82.4375
  1272	-82.3081
  1273	-81.9683
  1274	-81.4476
  1275	-80.7689
  1276	-79.9456
  1277	-78.9828
  1278	-77.8825
  1279	-76.6535
  1280	-75.3169
  1281	-73.9105
  1282	-72.4884
  1283	-71.1151
  1284	-69.8562
  1285	-68.7728
  1286	-67.9117
  1287	-67.3038
  1288	-66.959
  1289	-66.8674
  1290	-67.0017
  1291	-67.3212
  1292	-67.7775
  1293	-68.321
  1294	-68.9067
  1295	-69.4968
  1296	-70.0601
  1297	-70.5682
  1298	-70.9923
  1299	-71.3002
  1300	-71.4545
  1301	-71.4187
  1302	-71.1638
  1303	-70.6767
  1304	-69.9643
  1305	-69.0546
  1306	-67.9929
  1307	-66.8374
  1308	-65.6476
  1309	-64.4763
  1310	-63.3635
  1311	-62.3294
  1312	-61.3749
  1313	-60.4854
  1314	-59.6412
  1315	-58.8321
  1316	-58.0665
  1317	-57.3772
  1318	-56.8173
  1319	-56.4487
  1320	-56.3246
  1321	-56.472
  1322	-56.8813
  1323	-57.5062
  1324	-58.2773
  1325	-59.1222
  1326	-59.9826
  1327	-60.8229
  1328	-61.632
  1329	-62.4146
  1330	-63.1798
  1331	-63.931
  1332	-64.6616
  1333	-65.3519
  1334	-65.9737
  1335	-66.4956
  1336	-66.89
  1337	-67.1374
  1338	-67.2315
  1339	-67.1817
  1340	-67.0153
  1341	-66.7737
  1342	-66.5061
  1343	-66.2589
  1344	-66.0652
  1345	-65.9399
  1346	-65.8782
  1347	-65.8633
  1348	-65.8748
  1349	-65.898
  1350	-65.9292
  1351	-65.9748
  1352	-66.0481
  1353	-66.1644
  1354	-66.3362
  1355	-66.5723
  1356	-66.8769
  1357	-67.2514
  1358	-67.6943
  1359	-68.2006
  1360	-68.7625
  1361	-69.3684
  1362	-70.004
  1363	-70.6567
  1364	-71.318
  1365	-71.9835
  1366	-72.6517
  1367	-73.3179
  1368	-73.9708
  1369	-74.5883
  1370	-75.1343
  1371	-75.5656
  1372	-75.8385
  1373	-75.919
  1374	-75.7888
  1375	-75.4471
  1376	-74.9098
  1377	-74.205
  1378	-73.3719
  1379	-72.456
  1380	-71.5001
  1381	-70.5413
  1382	-69.6038
  1383	-68.7008
  1384	-67.8354
  1385	-67.0029
  1386	-66.1992
  1387	-65.4284
  1388	-64.7046
  1389	-64.0495
  1390	-63.4865
  1391	-63.0306
  1392	-62.6811
  1393	-62.4171
  1394	-62.2026
  1395	-61.998
  1396	-61.7703
  1397	-61.5037
  1398	-61.2027
  1399	-60.8912
  1400	-60.6045
  1401	-60.3795
  1402	-60.244
  1403	-60.2087
  1404	-60.2648
  1405	-60.3868
  1406	-60.5383
  1407	-60.6806
  1408	-60.7802
  1409	-60.814
  1410	-60.7718
  1411	-60.6562
  1412	-60.4789
  1413	-60.2561
  1414	-60.0029
  1415	-59.7291
  1416	-59.4367
  1417	-59.1208
  1418	-58.7743
  1419	-58.394
  1420	-57.9864
  1421	-57.5717
  1422	-57.1835
  1423	-56.8642
  1424	-56.6574
  1425	-56.599
  1426	-56.7098
  1427	-56.9928
  1428	-57.4316
  1429	-57.9951
  1430	-58.6433
  1431	-59.334
  1432	-60.0304
  1433	-60.7073
  1434	-61.3555
  1435	-61.9803
  1436	-62.5971
  1437	-63.2242
  1438	-63.8738
  1439	-64.5473
  1440	-65.2322
  1441	-65.9058
  1442	-66.5435
  1443	-67.1245
  1444	-67.638
  1445	-68.0893
  1446	-68.4953
  1447	-68.8782
  1448	-69.2557
  1449	-69.6321
  1450	-69.9903
  1451	-70.2922
  1452	-70.4848
  1453	-70.5122
  1454	-70.3292
  1455	-69.9118
  1456	-69.2654
  1457	-68.4271
  1458	-67.4621
  1459	-66.4534
  1460	-65.4868
  1461	-64.6343
  1462	-63.9413
  1463	-63.4234
  1464	-63.0717
  1465	-62.8623
  1466	-62.7715
  1467	-62.7858
  1468	-62.9072
  1469	-63.1497
  1470	-63.5289
  1471	-64.0479
  1472	-64.6855
  1473	-65.3911
  1474	-66.089
  1475	-66.694
  1476	-67.1278
  1477	-67.3332
  1478	-67.2847
  1479	-66.9908
  1480	-66.4897
  1481	-65.8393
  1482	-65.1064
  1483	-64.3519
  1484	-63.6195
  1485	-62.9281
  1486	-62.2733
  1487	-61.6331
  1488	-60.978
  1489	-60.2806
  1490	-59.5265
  1491	-58.7171
  1492	-57.8695
  1493	-57.0084
  1494	-56.1568
  1495	-55.3301
  1496	-54.5281
  1497	-53.7349
  1498	-52.9241
  1499	-52.0681
  1500	-51.1496
  1501	-50.1699
  1502	-49.1538
  1503	-48.1468
  1504	-47.2089
  1505	-46.4064
  1506	-45.8
  1507	-45.4356
  1508	-45.3382
  1509	-45.5097
  1510	-45.9325
  1511	-46.576
  1512	-47.4046
  1513	-48.3837
  1514	-49.4852
  1515	-50.6898
  1516	-51.9837
  1517	-53.3536
  1518	-54.7806
  1519	-56.2362
  1520	-57.6816
  1521	-59.071
  1522	-60.3582
  1523	-61.5051
  1524	-62.488
  1525	-63.2983
  1526	-63.9411
  1527	-64.4299
  1528	-64.7812
  1529	-65.0084
  1530	-65.1171
  1531	-65.1037
  1532	-64.9572
  1533	-64.6647
  1534	-64.2188
  1535	-63.6257
  1536	-62.9107
  1537	-62.1201
  1538	-61.3145
  1539	-60.5584
  1540	-59.9127
  1541	-59.4214
  1542	-59.1064
  1543	-58.9666
  1544	-58.9846
  1545	-59.1373
  1546	-59.4038
  1547	-59.7703
  1548	-60.2321
  1549	-60.7896
  1550	-61.4392
  1551	-62.1662
  1552	-62.9385
  1553	-63.7088
  1554	-64.4189
  1555	-65.0045
  1556	-65.4077
  1557	-65.5873
  1558	-65.5278
  1559	-65.2444
  1560	-64.7814
  1561	-64.2054
  1562	-63.5924
  1563	-63.0129
  1564	-62.5191
  1565	-62.136
  1566	-61.8634
  1567	-61.6839
  1568	-61.5744
  1569	-61.5158
  1570	-61.5004
  1571	-61.5334
  1572	-61.63
  1573	-61.8071
  1574	-62.0743
  1575	-62.4252
  1576	-62.8325
  1577	-63.2498
  1578	-63.6191
  1579	-63.883
  1580	-63.9992
  1581	-63.9508
  1582	-63.7511
  1583	-63.4421
  1584	-63.0862
  1585	-62.7528
  1586	-62.502
  1587	-62.3721
  1588	-62.3732
  1589	-62.4894
  1590	-62.6853
  1591	-62.9184
  1592	-63.1511
  1593	-63.3578
  1594	-63.5294
  1595	-63.6734
  1596	-63.8099
  1597	-63.9631
  1598	-64.1488
  1599	-64.3643
  1600	-64.5816
  1601	-64.7501
  1602	-64.8068
  1603	-64.6937
  1604	-64.3763
  1605	-63.856
  1606	-63.1761
  1607	-62.416
  1608	-61.6723
  1609	-61.0365
  1610	-60.5748
  1611	-60.3148
  1612	-60.2451
  1613	-60.3275
  1614	-60.5138
  1615	-60.7631
  1616	-61.0543
  1617	-61.3909
  1618	-61.7967
  1619	-62.3056
  1620	-62.9448
  1621	-63.7202
  1622	-64.6044
  1623	-65.5388
  1624	-66.4429
  1625	-67.2286
  1626	-67.8186
  1627	-68.1593
  1628	-68.2288
  1629	-68.038
  1630	-67.6238
  1631	-67.0411
  1632	-66.3495
  1633	-65.6001
  1634	-64.8266
  1635	-64.0399
  1636	-63.2317
  1637	-62.383
  1638	-61.4783
  1639	-60.5189
  1640	-59.5296
  1641	-58.5614
  1642	-57.6852
  1643	-56.9755
  1644	-56.4935
  1645	-56.2707
  1646	-56.301
  1647	-56.5435
  1648	-56.9337
  1649	-57.3992
  1650	-57.8757
  1651	-58.3171
  1652	-58.7
  1653	-59.02
  1654	-59.2863
  1655	-59.5111
  1656	-59.7009
  1657	-59.8483
  1658	-59.9315
  1659	-59.9188
  1660	-59.7757
  1661	-59.4764
  1662	-59.0136
  1663	-58.4043
  1664	-57.6901
  1665	-56.9305
  1666	-56.1916
  1667	-55.5314
  1668	-54.9876
  1669	-54.5698
  1670	-54.2591
  1671	-54.0191
  1672	-53.8087
  1673	-53.5954
  1674	-53.366
  1675	-53.129
  1676	-52.9113
  1677	-52.7514
  1678	-52.6866
  1679	-52.742
  1680	-52.9214
  1681	-53.2044
  1682	-53.5496
  1683	-53.905
  1684	-54.2215
  1685	-54.4667
  1686	-54.6333
  1687	-54.7411
  1688	-54.8323
  1689	-54.9592
  1690	-55.168
  1691	-55.4854
  1692	-55.9078
  1693	-56.4032
  1694	-56.9209
  1695	-57.4054
  1696	-57.8133
  1697	-58.1254
  1698	-58.3512
  1699	-58.5255
  1700	-58.6998
  1701	-58.9257
  1702	-59.2388
  1703	-59.6463
  1704	-60.1224
  1705	-60.6151
  1706	-61.0601
  1707	-61.3983
  1708	-61.5924
  1709	-61.6366
  1710	-61.5592
  1711	-61.415
  1712	-61.271
  1713	-61.1897
  1714	-61.2145
  1715	-61.3613
  1716	-61.6196
  1717	-61.9609
  1718	-62.3532
  1719	-62.7726
  1720	-63.2114
  1721	-63.6813
  1722	-64.2098
  1723	-64.8284
  1724	-65.5591
  1725	-66.4027
  1726	-67.3308
  1727	-68.2857
  1728	-69.1869
  1729	-69.946
  1730	-70.4862
  1731	-70.7552
  1732	-70.7328
  1733	-70.4314
  1734	-69.8901
  1735	-69.1641
  1736	-68.3109
  1737	-67.3762
  1738	-66.3892
  1739	-65.3625
  1740	-64.293
  1741	-63.1742
  1742	-62.0074
  1743	-60.8086
  1744	-59.6123
  1745	-58.4728
  1746	-57.4524
  1747	-56.6075
  1748	-55.9736
  1749	-55.5542
  1750	-55.3158
  1751	-55.1989
  1752	-55.1329
  1753	-55.0556
  1754	-54.9282
  1755	-54.7426
  1756	-54.5207
  1757	-54.3065
  1758	-54.1513
  1759	-54.1001
  1760	-54.181
  1761	-54.3974
  1762	-54.7302
  1763	-55.1429
  1764	-55.5923
  1765	-56.0407
  1766	-56.4653
  1767	-56.8635
  1768	-57.2509
  1769	-57.653
  1770	-58.0938
  1771	-58.5824
  1772	-59.1036
  1773	-59.6222
  1774	-60.0904
  1775	-60.4609
  1776	-60.7015
  1777	-60.8041
  1778	-60.7874
  1779	-60.6923
  1780	-60.5728
  1781	-60.485
  1782	-60.4758
  1783	-60.5748
  1784	-60.7887
  1785	-61.1036
  1786	-61.4893
  1787	-61.906
  1788	-62.3154
  1789	-62.6886
  1790	-63.0106
  1791	-63.2822
  1792	-63.515
  1793	-63.7236
  1794	-63.9162
  1795	-64.0877
  1796	-64.2185
  1797	-64.2797
  1798	-64.2454
  1799	-64.1035
  1800	-63.8652
  1801	-63.5669
  1802	-63.2633
  1803	-63.0179
  1804	-62.8878
  1805	-62.9072
  1806	-63.0801
  1807	-63.3797
  1808	-63.7561
  1809	-64.1496
  1810	-64.5078
  1811	-64.7957
  1812	-65.0028
  1813	-65.1407
  1814	-65.2367
  1815	-65.3254
  1816	-65.4379
  1817	-65.5931
  1818	-65.7943
  1819	-66.031
  1820	-66.2847
  1821	-66.5377
  1822	-66.7826
  1823	-67.0262
  1824	-67.2894
  1825	-67.6036
  1826	-68.0005
  1827	-68.5
  1828	-69.0971
  1829	-69.7567
  1830	-70.4169
  1831	-70.9981
  1832	-71.4187
  1833	-71.6125
  1834	-71.5419
  1835	-71.2008
  1836	-70.6154
  1837	-69.8379
  1838	-68.935
  1839	-67.9756
  1840	-67.0199
  1841	-66.1105
  1842	-65.2744
  1843	-64.5202
  1844	-63.8466
  1845	-63.2549
  1846	-62.7533
  1847	-62.3582
  1848	-62.0908
  1849	-61.9695
  1850	-62.0002
  1851	-62.1689
  1852	-62.4365
  1853	-62.7438
  1854	-63.0214
  1855	-63.2007
  1856	-63.2284
  1857	-63.0762
  1858	-62.7453
  1859	-62.2647
  1860	-61.685
  1861	-61.0661
  1862	-60.4658
  1863	-59.9273
  1864	-59.4732
  1865	-59.1049
  1866	-58.8063
  1867	-58.5522
  1868	-58.3173
  1869	-58.0834
  1870	-57.8434
  1871	-57.6001
  1872	-57.3627
  1873	-57.14
  1874	-56.9336
  1875	-56.7347
  1876	-56.5234
  1877	-56.2735
  1878	-55.9615
  1879	-55.5765
  1880	-55.1265
  1881	-54.642
  1882	-54.1726
  1883	-53.7772
  1884	-53.5106
  1885	-53.4106
  1886	-53.4905
  1887	-53.7376
  1888	-54.1203
  1889	-54.5979
  1890	-55.133
  1891	-55.6995
  1892	-56.2868
  1893	-56.8956
  1894	-57.5319
  1895	-58.201
  1896	-58.9003
  1897	-59.6127
  1898	-60.3102
  1899	-60.9591
  1900	-61.5243
  1901	-61.9783
  1902	-62.3063
  1903	-62.5093
  1904	-62.6019
  1905	-62.6085
  1906	-62.5559
  1907	-62.4668
  1908	-62.3535
  1909	-62.2147
  1910	-62.0365
  1911	-61.7979
  1912	-61.4769
  1913	-61.0607
  1914	-60.5513
  1915	-59.9673
  1916	-59.3412
  1917	-58.713
  1918	-58.1211
  1919	-57.5947
  1920	-57.1505
  1921	-56.7933
  1922	-56.5227
  1923	-56.3376
  1924	-56.2411
  1925	-56.242
  1926	-56.3504
  1927	-56.5749
  1928	-56.9164
  1929	-57.3653
  1930	-57.8995
  1931	-58.4863
  1932	-59.0845
  1933	-59.6483
  1934	-60.1316
  1935	-60.4956
  1936	-60.7135
  1937	-60.7741
  1938	-60.682
  1939	-60.455
  1940	-60.1181
  1941	-59.6979
  1942	-59.2186
  1943	-58.6986
  1944	-58.1525
  1945	-57.5967
  1946	-57.052
  1947	-56.5465
  1948	-56.114
  1949	-55.7893
  1950	-55.6043
  1951	-55.5816
  1952	-55.7316
  1953	-56.0514
  1954	-56.5254
  1955	-57.1275
  1956	-57.8252
  1957	-58.5845
  1958	-59.3721
  1959	-60.159
  1960	-60.9241
  1961	-61.6532
  1962	-62.3358
  1963	-62.9629
  1964	-63.5225
  1965	-63.9968
  1966	-64.3636
  1967	-64.6009
  1968	-64.6936
  1969	-64.6397
  1970	-64.4509
  1971	-64.1524
  1972	-63.7783
  1973	-63.3652
  1974	-62.9467
  1975	-62.548
  1976	-62.1851
  1977	-61.865
  1978	-61.5885
  1979	-61.354
  1980	-61.1595
  1981	-61.005
  1982	-60.8921
  1983	-60.8232
  1984	-60.7991
  1985	-60.8156
  1986	-60.8626
  1987	-60.9239
  1988	-60.9794
  1989	-61.0083
  1990	-60.9954
  1991	-60.9343
  1992	-60.8311
  1993	-60.7049
  1994	-60.586
  1995	-60.5118
  1996	-60.5209
  1997	-60.6455
  1998	-60.9069
  1999	-61.3118
  2000	-61.8518
  2001	-62.5051
