     1	140.957
     2	141.423
     3	141.933
     4	142.523
     5	143.197
     6	143.92
     7	144.625
     8	145.232
     9	145.666
    10	145.883
    11	145.876
    12	145.674
    13	145.334
    14	144.921
    15	144.497
    16	144.105
    17	143.765
    18	143.479
    19	143.235
    20	143.022
    21	142.838
    22	142.691
    23	142.595
    24	142.567
    25	142.621
    26	142.761
    27	142.981
    28	143.259
    29	143.566
    30	143.866
    31	144.124
    32	144.315
    33	144.422
    34	144.446
    35	144.395
    36	144.289
    37	144.157
    38	144.035
    39	143.958
    40	143.96
    41	144.065
    42	144.279
    43	144.593
    44	144.98
    45	145.396
    46	145.795
    47	146.137
    48	146.398
    49	146.581
    50	146.712
    51	146.83
    52	146.974
    53	147.166
    54	147.402
    55	147.651
    56	147.87
    57	148.015
    58	148.062
    59	148.015
    60	147.907
    61	147.792
    62	147.726
    63	147.752
    64	147.883
    65	148.098
    66	148.342
    67	148.543
    68	148.634
    69	148.573
    70	148.348
    71	147.983
    72	147.523
    73	147.025
    74	146.532
    75	146.065
    76	145.614
    77	145.148
    78	144.634
    79	144.055
    80	143.421
    81	142.779
    82	142.196
    83	141.751
    84	141.502
    85	141.478
    86	141.662
    87	142.003
    88	142.426
    89	142.859
    90	143.245
    91	143.559
    92	143.803
    93	144.006
    94	144.202
    95	144.427
    96	144.701
    97	145.026
    98	145.382
    99	145.738
   100	146.062
   101	146.329
   102	146.527
   103	146.656
   104	146.724
   105	146.743
   106	146.722
   107	146.666
   108	146.575
   109	146.445
   110	146.266
   111	146.026
   112	145.711
   113	145.303
   114	144.788
   115	144.154
   116	143.407
   117	142.574
   118	141.711
   119	140.886
   120	140.175
   121	139.638
   122	139.303
   123	139.161
   124	139.176
   125	139.296
   126	139.473
   127	139.676
   128	139.906
   129	140.184
   130	140.549
   131	141.033
   132	141.646
   133	142.363
   134	143.123
   135	143.845
   136	144.447
   137	144.868
   138	145.082
   139	145.109
   140	145.003
   141	144.839
   142	144.686
   143	144.582
   144	144.529
   145	144.488
   146	144.401
   147	144.213
   148	143.89
   149	143.437
   150	142.899
   151	142.351
   152	141.882
   153	141.56
   154	141.417
   155	141.434
   156	141.548
   157	141.671
   158	141.726
   159	141.67
   160	141.506
   161	141.282
   162	141.074
   163	140.963
   164	141.001
   165	141.198
   166	141.52
   167	141.897
   168	142.253
   169	142.531
   170	142.701
   171	142.775
   172	142.794
   173	142.817
   174	142.897
   175	143.067
   176	143.328
   177	143.646
   178	143.966
   179	144.229
   180	144.387
   181	144.418
   182	144.33
   183	144.153
   184	143.934
   185	143.716
   186	143.532
   187	143.395
   188	143.299
   189	143.229
   190	143.164
   191	143.091
   192	143.004
   193	142.908
   194	142.814
   195	142.736
   196	142.685
   197	142.67
   198	142.692
   199	142.744
   200	142.807
   201	142.859
   202	142.87
   203	142.814
   204	142.669
   205	142.425
   206	142.083
   207	141.66
   208	141.187
   209	140.708
   210	140.269
   211	139.915
   212	139.672
   213	139.546
   214	139.518
   215	139.557
   216	139.626
   217	139.7
   218	139.778
   219	139.883
   220	140.055
   221	140.328
   222	140.717
   223	141.201
   224	141.728
   225	142.226
   226	142.626
   227	142.88
   228	142.968
   229	142.905
   230	142.734
   231	142.516
   232	142.312
   233	142.166
   234	142.094
   235	142.08
   236	142.078
   237	142.034
   238	141.898
   239	141.65
   240	141.3
   241	140.887
   242	140.467
   243	140.089
   244	139.776
   245	139.524
   246	139.302
   247	139.066
   248	138.782
   249	138.432
   250	138.028
   251	137.601
   252	137.197
   253	136.861
   254	136.627
   255	136.511
   256	136.512
   257	136.617
   258	136.808
   259	137.07
   260	137.398
   261	137.796
   262	138.27
   263	138.826
   264	139.456
   265	140.139
   266	140.84
   267	141.514
   268	142.124
   269	142.642
   270	143.06
   271	143.38
   272	143.617
   273	143.784
   274	143.893
   275	143.944
   276	143.931
   277	143.844
   278	143.681
   279	143.448
   280	143.163
   281	142.854
   282	142.55
   283	142.272
   284	142.023
   285	141.795
   286	141.569
   287	141.33
   288	141.078
   289	140.83
   290	140.62
   291	140.492
   292	140.479
   293	140.6
   294	140.851
   295	141.205
   296	141.624
   297	142.071
   298	142.523
   299	142.973
   300	143.436
   301	143.938
   302	144.508
   303	145.159
   304	145.879
   305	146.633
   306	147.364
   307	148.015
   308	148.539
   309	148.915
   310	149.153
   311	149.288
   312	149.368
   313	149.438
   314	149.526
   315	149.636
   316	149.746
   317	149.823
   318	149.831
   319	149.745
   320	149.563
   321	149.303
   322	148.999
   323	148.691
   324	148.41
   325	148.175
   326	147.983
   327	147.821
   328	147.668
   329	147.509
   330	147.338
   331	147.165
   332	147.01
   333	146.895
   334	146.841
   335	146.862
   336	146.965
   337	147.149
   338	147.409
   339	147.742
   340	148.14
   341	148.592
   342	149.082
   343	149.584
   344	150.064
   345	150.487
   346	150.824
   347	151.054
   348	151.177
   349	151.208
   350	151.175
   351	151.11
   352	151.036
   353	150.959
   354	150.867
   355	150.735
   356	150.533
   357	150.245
   358	149.874
   359	149.451
   360	149.026
   361	148.659
   362	148.392
   363	148.236
   364	148.164
   365	148.115
   366	148.012
   367	147.792
   368	147.421
   369	146.912
   370	146.318
   371	145.722
   372	145.212
   373	144.856
   374	144.678
   375	144.66
   376	144.751
   377	144.888
   378	145.024
   379	145.142
   380	145.262
   381	145.428
   382	145.693
   383	146.097
   384	146.644
   385	147.302
   386	148.001
   387	148.657
   388	149.187
   389	149.534
   390	149.671
   391	149.606
   392	149.373
   393	149.023
   394	148.605
   395	148.16
   396	147.708
   397	147.25
   398	146.774
   399	146.265
   400	145.719
   401	145.146
   402	144.57
   403	144.022
   404	143.534
   405	143.13
   406	142.818
   407	142.591
   408	142.43
   409	142.304
   410	142.18
   411	142.029
   412	141.826
   413	141.559
   414	141.232
   415	140.862
   416	140.484
   417	140.141
   418	139.876
   419	139.721
   420	139.691
   421	139.781
   422	139.968
   423	140.22
   424	140.503
   425	140.786
   426	141.053
   427	141.302
   428	141.548
   429	141.817
   430	142.134
   431	142.51
   432	142.932
   433	143.354
   434	143.715
   435	143.947
   436	144
   437	143.862
   438	143.558
   439	143.153
   440	142.731
   441	142.367
   442	142.108
   443	141.958
   444	141.883
   445	141.827
   446	141.731
   447	141.556
   448	141.293
   449	140.964
   450	140.616
   451	140.3
   452	140.056
   453	139.898
   454	139.803
   455	139.727
   456	139.615
   457	139.424
   458	139.137
   459	138.767
   460	138.358
   461	137.968
   462	137.655
   463	137.457
   464	137.388
   465	137.433
   466	137.556
   467	137.715
   468	137.874
   469	138.015
   470	138.138
   471	138.257
   472	138.386
   473	138.531
   474	138.686
   475	138.823
   476	138.908
   477	138.902
   478	138.782
   479	138.54
   480	138.188
   481	137.755
   482	137.272
   483	136.77
   484	136.265
   485	135.767
   486	135.274
   487	134.788
   488	134.31
   489	133.846
   490	133.406
   491	132.993
   492	132.603
   493	132.223
   494	131.83
   495	131.404
   496	130.934
   497	130.421
   498	129.882
   499	129.34
   500	128.821
   501	128.338
   502	127.893
   503	127.475
   504	127.062
   505	126.635
   506	126.185
   507	125.724
   508	125.289
   509	124.934
   510	124.72
   511	124.693
   512	124.871
   513	125.235
   514	125.727
   515	126.274
   516	126.803
   517	127.264
   518	127.641
   519	127.949
   520	128.219
   521	128.486
   522	128.764
   523	129.043
   524	129.288
   525	129.451
   526	129.486
   527	129.364
   528	129.085
   529	128.679
   530	128.2
   531	127.714
   532	127.283
   533	126.947
   534	126.721
   535	126.592
   536	126.525
   537	126.487
   538	126.451
   539	126.415
   540	126.394
   541	126.417
   542	126.51
   543	126.691
   544	126.961
   545	127.305
   546	127.699
   547	128.117
   548	128.538
   549	128.954
   550	129.361
   551	129.761
   552	130.157
   553	130.545
   554	130.919
   555	131.269
   556	131.587
   557	131.865
   558	132.101
   559	132.295
   560	132.443
   561	132.542
   562	132.579
   563	132.542
   564	132.417
   565	132.198
   566	131.889
   567	131.513
   568	131.1
   569	130.684
   570	130.295
   571	129.941
   572	129.613
   573	129.28
   574	128.9
   575	128.44
   576	127.884
   577	127.242
   578	126.558
   579	125.897
   580	125.321
   581	124.875
   582	124.571
   583	124.386
   584	124.277
   585	124.195
   586	124.109
   587	124.018
   588	123.952
   589	123.966
   590	124.119
   591	124.457
   592	124.994
   593	125.705
   594	126.533
   595	127.398
   596	128.223
   597	128.951
   598	129.56
   599	130.061
   600	130.497
   601	130.919
   602	131.369
   603	131.866
   604	132.394
   605	132.915
   606	133.379
   607	133.75
   608	134.012
   609	134.183
   610	134.3
   611	134.417
   612	134.582
   613	134.83
   614	135.172
   615	135.594
   616	136.068
   617	136.555
   618	137.025
   619	137.461
   620	137.863
   621	138.244
   622	138.627
   623	139.03
   624	139.465
   625	139.931
   626	140.418
   627	140.913
   628	141.403
   629	141.878
   630	142.339
   631	142.786
   632	143.224
   633	143.658
   634	144.091
   635	144.525
   636	144.959
   637	145.392
   638	145.822
   639	146.242
   640	146.645
   641	147.017
   642	147.339
   643	147.588
   644	147.74
   645	147.778
   646	147.704
   647	147.533
   648	147.298
   649	147.036
   650	146.778
   651	146.536
   652	146.296
   653	146.03
   654	145.701
   655	145.285
   656	144.778
   657	144.205
   658	143.612
   659	143.05
   660	142.559
   661	142.153
   662	141.816
   663	141.505
   664	141.165
   665	140.743
   666	140.21
   667	139.568
   668	138.854
   669	138.133
   670	137.482
   671	136.969
   672	136.631
   673	136.47
   674	136.447
   675	136.51
   676	136.607
   677	136.712
   678	136.83
   679	137
   680	137.273
   681	137.695
   682	138.286
   683	139.026
   684	139.857
   685	140.699
   686	141.466
   687	142.091
   688	142.533
   689	142.792
   690	142.9
   691	142.909
   692	142.875
   693	142.841
   694	142.824
   695	142.814
   696	142.777
   697	142.672
   698	142.468
   699	142.155
   700	141.748
   701	141.285
   702	140.81
   703	140.362
   704	139.967
   705	139.631
   706	139.342
   707	139.076
   708	138.812
   709	138.531
   710	138.231
   711	137.919
   712	137.616
   713	137.345
   714	137.133
   715	137.004
   716	136.972
   717	137.043
   718	137.214
   719	137.471
   720	137.792
   721	138.15
   722	138.514
   723	138.855
   724	139.151
   725	139.388
   726	139.568
   727	139.7
   728	139.799
   729	139.874
   730	139.922
   731	139.924
   732	139.852
   733	139.675
   734	139.372
   735	138.947
   736	138.427
   737	137.859
   738	137.303
   739	136.816
   740	136.434
   741	136.166
   742	135.987
   743	135.849
   744	135.695
   745	135.469
   746	135.138
   747	134.695
   748	134.162
   749	133.583
   750	133.006
   751	132.47
   752	131.987
   753	131.542
   754	131.102
   755	130.631
   756	130.113
   757	129.566
   758	129.039
   759	128.603
   760	128.333
   761	128.283
   762	128.476
   763	128.893
   764	129.477
   765	130.149
   766	130.826
   767	131.44
   768	131.956
   769	132.375
   770	132.731
   771	133.07
   772	133.43
   773	133.823
   774	134.223
   775	134.58
   776	134.833
   777	134.933
   778	134.861
   779	134.634
   780	134.298
   781	133.918
   782	133.565
   783	133.299
   784	133.161
   785	133.159
   786	133.277
   787	133.476
   788	133.712
   789	133.945
   790	134.151
   791	134.325
   792	134.484
   793	134.658
   794	134.885
   795	135.194
   796	135.601
   797	136.102
   798	136.674
   799	137.279
   800	137.877
   801	138.43
   802	138.91
   803	139.304
   804	139.616
   805	139.867
   806	140.09
   807	140.316
   808	140.566
   809	140.834
   810	141.093
   811	141.294
   812	141.386
   813	141.331
   814	141.119
   815	140.772
   816	140.345
   817	139.911
   818	139.539
   819	139.276
   820	139.136
   821	139.095
   822	139.104
   823	139.106
   824	139.049
   825	138.905
   826	138.676
   827	138.395
   828	138.114
   829	137.889
   830	137.758
   831	137.73
   832	137.774
   833	137.833
   834	137.84
   835	137.743
   836	137.521
   837	137.197
   838	136.83
   839	136.5
   840	136.284
   841	136.237
   842	136.373
   843	136.666
   844	137.061
   845	137.49
   846	137.897
   847	138.251
   848	138.559
   849	138.856
   850	139.196
   851	139.625
   852	140.166
   853	140.806
   854	141.498
   855	142.172
   856	142.761
   857	143.214
   858	143.515
   859	143.68
   860	143.752
   861	143.785
   862	143.835
   863	143.941
   864	144.116
   865	144.35
   866	144.607
   867	144.848
   868	145.033
   869	145.141
   870	145.168
   871	145.135
   872	145.075
   873	145.025
   874	145.014
   875	145.06
   876	145.156
   877	145.282
   878	145.406
   879	145.498
   880	145.53
   881	145.489
   882	145.372
   883	145.19
   884	144.963
   885	144.721
   886	144.493
   887	144.303
   888	144.162
   889	144.066
   890	143.995
   891	143.92
   892	143.813
   893	143.65
   894	143.427
   895	143.155
   896	142.865
   897	142.597
   898	142.388
   899	142.257
   900	142.196
   901	142.169
   902	142.121
   903	141.993
   904	141.739
   905	141.346
   906	140.832
   907	140.249
   908	139.663
   909	139.135
   910	138.698
   911	138.345
   912	138.034
   913	137.702
   914	137.287
   915	136.746
   916	136.072
   917	135.292
   918	134.46
   919	133.645
   920	132.905
   921	132.277
   922	131.762
   923	131.33
   924	130.935
   925	130.524
   926	130.068
   927	129.565
   928	129.05
   929	128.587
   930	128.256
   931	128.132
   932	128.256
   933	128.628
   934	129.201
   935	129.895
   936	130.626
   937	131.324
   938	131.954
   939	132.514
   940	133.033
   941	133.549
   942	134.095
   943	134.686
   944	135.312
   945	135.938
   946	136.516
   947	136.997
   948	137.346
   949	137.544
   950	137.596
   951	137.522
   952	137.354
   953	137.13
   954	136.885
   955	136.647
   956	136.43
   957	136.235
   958	136.056
   959	135.877
   960	135.686
   961	135.477
   962	135.253
   963	135.029
   964	134.835
   965	134.711
   966	134.702
   967	134.846
   968	135.167
   969	135.663
   970	136.308
   971	137.053
   972	137.841
   973	138.617
   974	139.343
   975	140.009
   976	140.629
   977	141.235
   978	141.86
   979	142.523
   980	143.213
   981	143.89
   982	144.494
   983	144.961
   984	145.242
   985	145.314
   986	145.191
   987	144.916
   988	144.552
   989	144.16
   990	143.784
   991	143.434
   992	143.088
   993	142.699
   994	142.213
   995	141.587
   996	140.81
   997	139.903
   998	138.927
   999	137.967
  1000	137.106
  1001	136.403
  1002	135.875
  1003	135.5
  1004	135.223
  1005	134.983
  1006	134.735
  1007	134.471
  1008	134.22
  1009	134.043
  1010	134.009
  1011	134.174
  1012	134.561
  1013	135.149
  1014	135.88
  1015	136.675
  1016	137.457
  1017	138.166
  1018	138.771
  1019	139.274
  1020	139.698
  1021	140.074
  1022	140.432
  1023	140.787
  1024	141.135
  1025	141.456
  1026	141.72
  1027	141.9
  1028	141.977
  1029	141.952
  1030	141.844
  1031	141.688
  1032	141.523
  1033	141.394
  1034	141.337
  1035	141.375
  1036	141.518
  1037	141.758
  1038	142.075
  1039	142.44
  1040	142.823
  1041	143.196
  1042	143.538
  1043	143.837
  1044	144.097
  1045	144.335
  1046	144.576
  1047	144.847
  1048	145.166
  1049	145.539
  1050	145.952
  1051	146.378
  1052	146.785
  1053	147.146
  1054	147.45
  1055	147.706
  1056	147.946
  1057	148.213
  1058	148.55
  1059	148.986
  1060	149.525
  1061	150.141
  1062	150.786
  1063	151.398
  1064	151.923
  1065	152.321
  1066	152.583
  1067	152.731
  1068	152.807
  1069	152.864
  1070	152.944
  1071	153.063
  1072	153.206
  1073	153.334
  1074	153.398
  1075	153.36
  1076	153.206
  1077	152.95
  1078	152.629
  1079	152.291
  1080	151.98
  1081	151.718
  1082	151.504
  1083	151.311
  1084	151.102
  1085	150.839
  1086	150.499
  1087	150.084
  1088	149.62
  1089	149.153
  1090	148.737
  1091	148.416
  1092	148.217
  1093	148.138
  1094	148.157
  1095	148.241
  1096	148.358
  1097	148.491
  1098	148.639
  1099	148.82
  1100	149.057
  1101	149.371
  1102	149.767
  1103	150.232
  1104	150.735
  1105	151.233
  1106	151.683
  1107	152.047
  1108	152.305
  1109	152.451
  1110	152.497
  1111	152.458
  1112	152.353
  1113	152.189
  1114	151.968
  1115	151.685
  1116	151.332
  1117	150.907
  1118	150.414
  1119	149.868
  1120	149.285
  1121	148.688
  1122	148.097
  1123	147.531
  1124	147.004
  1125	146.528
  1126	146.109
  1127	145.75
  1128	145.447
  1129	145.194
  1130	144.979
  1131	144.786
  1132	144.597
  1133	144.401
  1134	144.187
  1135	143.96
  1136	143.731
  1137	143.518
  1138	143.34
  1139	143.207
  1140	143.118
  1141	143.056
  1142	142.996
  1143	142.912
  1144	142.787
  1145	142.624
  1146	142.449
  1147	142.301
  1148	142.225
  1149	142.249
  1150	142.379
  1151	142.59
  1152	142.831
  1153	143.048
  1154	143.187
  1155	143.219
  1156	143.138
  1157	142.966
  1158	142.744
  1159	142.52
  1160	142.331
  1161	142.199
  1162	142.118
  1163	142.061
  1164	141.987
  1165	141.862
  1166	141.666
  1167	141.409
  1168	141.126
  1169	140.867
  1170	140.685
  1171	140.614
  1172	140.662
  1173	140.806
  1174	141.003
  1175	141.203
  1176	141.363
  1177	141.462
  1178	141.5
  1179	141.495
  1180	141.475
  1181	141.467
  1182	141.489
  1183	141.542
  1184	141.617
  1185	141.692
  1186	141.749
  1187	141.772
  1188	141.76
  1189	141.722
  1190	141.676
  1191	141.637
  1192	141.612
  1193	141.596
  1194	141.57
  1195	141.509
  1196	141.389
  1197	141.189
  1198	140.899
  1199	140.518
  1200	140.05
  1201	139.5
  1202	138.876
  1203	138.184
  1204	137.433
  1205	136.638
  1206	135.815
  1207	134.986
  1208	134.172
  1209	133.391
  1210	132.65
  1211	131.949
  1212	131.273
  1213	130.602
  1214	129.914
  1215	129.192
  1216	128.428
  1217	127.626
  1218	126.8
  1219	125.968
  1220	125.139
  1221	124.315
  1222	123.487
  1223	122.645
  1224	121.783
  1225	120.91
  1226	120.056
  1227	119.268
  1228	118.6
  1229	118.099
  1230	117.795
  1231	117.69
  1232	117.76
  1233	117.956
  1234	118.225
  1235	118.515
  1236	118.793
  1237	119.046
  1238	119.281
  1239	119.514
  1240	119.756
  1241	120.009
  1242	120.254
  1243	120.457
  1244	120.578
  1245	120.583
  1246	120.462
  1247	120.229
  1248	119.926
  1249	119.609
  1250	119.336
  1251	119.149
  1252	119.067
  1253	119.08
  1254	119.159
  1255	119.265
  1256	119.368
  1257	119.449
  1258	119.512
  1259	119.58
  1260	119.685
  1261	119.862
  1262	120.135
  1263	120.51
  1264	120.975
  1265	121.5
  1266	122.05
  1267	122.596
  1268	123.118
  1269	123.61
  1270	124.081
  1271	124.541
  1272	124.999
  1273	125.453
  1274	125.89
  1275	126.286
  1276	126.619
  1277	126.867
  1278	127.016
  1279	127.061
  1280	127.008
  1281	126.866
  1282	126.654
  1283	126.39
  1284	126.096
  1285	125.792
  1286	125.497
  1287	125.23
  1288	125.001
  1289	124.813
  1290	124.667
  1291	124.555
  1292	124.466
  1293	124.388
  1294	124.311
  1295	124.227
  1296	124.134
  1297	124.033
  1298	123.929
  1299	123.821
  1300	123.705
  1301	123.569
  1302	123.396
  1303	123.17
  1304	122.879
  1305	122.526
  1306	122.126
  1307	121.711
  1308	121.321
  1309	120.991
  1310	120.744
  1311	120.584
  1312	120.492
  1313	120.434
  1314	120.373
  1315	120.278
  1316	120.134
  1317	119.947
  1318	119.74
  1319	119.549
  1320	119.407
  1321	119.337
  1322	119.342
  1323	119.406
  1324	119.498
  1325	119.587
  1326	119.647
  1327	119.675
  1328	119.681
  1329	119.695
  1330	119.746
  1331	119.859
  1332	120.042
  1333	120.284
  1334	120.561
  1335	120.839
  1336	121.089
  1337	121.288
  1338	121.428
  1339	121.513
  1340	121.558
  1341	121.581
  1342	121.601
  1343	121.633
  1344	121.684
  1345	121.755
  1346	121.844
  1347	121.945
  1348	122.058
  1349	122.185
  1350	122.334
  1351	122.516
  1352	122.742
  1353	123.017
  1354	123.342
  1355	123.715
  1356	124.127
  1357	124.564
  1358	125.009
  1359	125.442
  1360	125.845
  1361	126.198
  1362	126.485
  1363	126.7
  1364	126.841
  1365	126.913
  1366	126.927
  1367	126.901
  1368	126.852
  1369	126.797
  1370	126.748
  1371	126.709
  1372	126.676
  1373	126.639
  1374	126.586
  1375	126.512
  1376	126.42
  1377	126.327
  1378	126.258
  1379	126.24
  1380	126.29
  1381	126.414
  1382	126.597
  1383	126.81
  1384	127.018
  1385	127.187
  1386	127.296
  1387	127.336
  1388	127.316
  1389	127.255
  1390	127.175
  1391	127.097
  1392	127.031
  1393	126.978
  1394	126.928
  1395	126.865
  1396	126.779
  1397	126.666
  1398	126.535
  1399	126.408
  1400	126.313
  1401	126.276
  1402	126.317
  1403	126.442
  1404	126.64
  1405	126.89
  1406	127.162
  1407	127.429
  1408	127.671
  1409	127.877
  1410	128.049
  1411	128.195
  1412	128.323
  1413	128.445
  1414	128.567
  1415	128.69
  1416	128.813
  1417	128.929
  1418	129.032
  1419	129.117
  1420	129.179
  1421	129.218
  1422	129.236
  1423	129.242
  1424	129.247
  1425	129.263
  1426	129.303
  1427	129.374
  1428	129.477
  1429	129.604
  1430	129.743
  1431	129.881
  1432	130.003
  1433	130.105
  1434	130.19
  1435	130.271
  1436	130.37
  1437	130.513
  1438	130.72
  1439	131.001
  1440	131.354
  1441	131.763
  1442	132.206
  1443	132.66
  1444	133.107
  1445	133.541
  1446	133.968
  1447	134.403
  1448	134.861
  1449	135.352
  1450	135.869
  1451	136.389
  1452	136.873
  1453	137.275
  1454	137.559
  1455	137.701
  1456	137.703
  1457	137.59
  1458	137.408
  1459	137.208
  1460	137.036
  1461	136.916
  1462	136.849
  1463	136.817
  1464	136.79
  1465	136.744
  1466	136.667
  1467	136.56
  1468	136.443
  1469	136.346
  1470	136.303
  1471	136.338
  1472	136.457
  1473	136.641
  1474	136.847
  1475	137.02
  1476	137.105
  1477	137.065
  1478	136.89
  1479	136.594
  1480	136.219
  1481	135.815
  1482	135.43
  1483	135.098
  1484	134.832
  1485	134.622
  1486	134.446
  1487	134.273
  1488	134.072
  1489	133.824
  1490	133.515
  1491	133.145
  1492	132.722
  1493	132.259
  1494	131.77
  1495	131.266
  1496	130.75
  1497	130.214
  1498	129.645
  1499	129.026
  1500	128.347
  1501	127.609
  1502	126.83
  1503	126.045
  1504	125.294
  1505	124.625
  1506	124.073
  1507	123.661
  1508	123.39
  1509	123.246
  1510	123.201
  1511	123.228
  1512	123.303
  1513	123.414
  1514	123.558
  1515	123.745
  1516	123.986
  1517	124.292
  1518	124.668
  1519	125.109
  1520	125.601
  1521	126.122
  1522	126.649
  1523	127.16
  1524	127.642
  1525	128.09
  1526	128.509
  1527	128.905
  1528	129.29
  1529	129.669
  1530	130.042
  1531	130.398
  1532	130.718
  1533	130.98
  1534	131.166
  1535	131.263
  1536	131.274
  1537	131.211
  1538	131.097
  1539	130.956
  1540	130.807
  1541	130.657
  1542	130.499
  1543	130.32
  1544	130.103
  1545	129.837
  1546	129.52
  1547	129.163
  1548	128.787
  1549	128.418
  1550	128.081
  1551	127.799
  1552	127.579
  1553	127.415
  1554	127.285
  1555	127.161
  1556	127.015
  1557	126.827
  1558	126.592
  1559	126.322
  1560	126.043
  1561	125.792
  1562	125.603
  1563	125.5
  1564	125.491
  1565	125.564
  1566	125.692
  1567	125.841
  1568	125.975
  1569	126.067
  1570	126.101
  1571	126.079
  1572	126.013
  1573	125.931
  1574	125.859
  1575	125.814
  1576	125.799
  1577	125.795
  1578	125.769
  1579	125.687
  1580	125.521
  1581	125.264
  1582	124.929
  1583	124.545
  1584	124.157
  1585	123.808
  1586	123.532
  1587	123.345
  1588	123.243
  1589	123.206
  1590	123.201
  1591	123.195
  1592	123.162
  1593	123.087
  1594	122.974
  1595	122.841
  1596	122.716
  1597	122.629
  1598	122.602
  1599	122.636
  1600	122.713
  1601	122.789
  1602	122.815
  1603	122.745
  1604	122.555
  1605	122.25
  1606	121.868
  1607	121.47
  1608	121.121
  1609	120.875
  1610	120.754
  1611	120.75
  1612	120.827
  1613	120.936
  1614	121.034
  1615	121.09
  1616	121.096
  1617	121.063
  1618	121.021
  1619	121.008
  1620	121.058
  1621	121.194
  1622	121.413
  1623	121.689
  1624	121.972
  1625	122.204
  1626	122.332
  1627	122.325
  1628	122.178
  1629	121.911
  1630	121.562
  1631	121.175
  1632	120.787
  1633	120.42
  1634	120.079
  1635	119.753
  1636	119.42
  1637	119.06
  1638	118.656
  1639	118.206
  1640	117.718
  1641	117.216
  1642	116.732
  1643	116.304
  1644	115.968
  1645	115.744
  1646	115.634
  1647	115.618
  1648	115.66
  1649	115.72
  1650	115.761
  1651	115.761
  1652	115.716
  1653	115.639
  1654	115.557
  1655	115.499
  1656	115.49
  1657	115.542
  1658	115.655
  1659	115.815
  1660	116
  1661	116.188
  1662	116.365
  1663	116.528
  1664	116.687
  1665	116.867
  1666	117.097
  1667	117.404
  1668	117.801
  1669	118.285
  1670	118.832
  1671	119.402
  1672	119.952
  1673	120.444
  1674	120.85
  1675	121.162
  1676	121.391
  1677	121.56
  1678	121.699
  1679	121.831
  1680	121.966
  1681	122.096
  1682	122.195
  1683	122.23
  1684	122.17
  1685	121.994
  1686	121.705
  1687	121.324
  1688	120.89
  1689	120.45
  1690	120.046
  1691	119.707
  1692	119.441
  1693	119.235
  1694	119.067
  1695	118.91
  1696	118.744
  1697	118.566
  1698	118.389
  1699	118.245
  1700	118.176
  1701	118.226
  1702	118.426
  1703	118.786
  1704	119.287
  1705	119.89
  1706	120.543
  1707	121.196
  1708	121.811
  1709	122.365
  1710	122.858
  1711	123.3
  1712	123.707
  1713	124.094
  1714	124.467
  1715	124.821
  1716	125.141
  1717	125.404
  1718	125.588
  1719	125.674
  1720	125.653
  1721	125.532
  1722	125.334
  1723	125.094
  1724	124.853
  1725	124.64
  1726	124.466
  1727	124.321
  1728	124.178
  1729	124.001
  1730	123.762
  1731	123.445
  1732	123.051
  1733	122.598
  1734	122.116
  1735	121.639
  1736	121.198
  1737	120.808
  1738	120.472
  1739	120.176
  1740	119.895
  1741	119.6
  1742	119.266
  1743	118.884
  1744	118.464
  1745	118.035
  1746	117.636
  1747	117.307
  1748	117.077
  1749	116.951
  1750	116.909
  1751	116.911
  1752	116.907
  1753	116.852
  1754	116.718
  1755	116.498
  1756	116.209
  1757	115.882
  1758	115.557
  1759	115.268
  1760	115.039
  1761	114.878
  1762	114.778
  1763	114.72
  1764	114.685
  1765	114.656
  1766	114.629
  1767	114.613
  1768	114.631
  1769	114.71
  1770	114.872
  1771	115.126
  1772	115.459
  1773	115.841
  1774	116.231
  1775	116.591
  1776	116.888
  1777	117.107
  1778	117.251
  1779	117.332
  1780	117.37
  1781	117.388
  1782	117.4
  1783	117.415
  1784	117.431
  1785	117.438
  1786	117.421
  1787	117.363
  1788	117.25
  1789	117.073
  1790	116.836
  1791	116.549
  1792	116.231
  1793	115.907
  1794	115.598
  1795	115.316
  1796	115.07
  1797	114.857
  1798	114.674
  1799	114.52
  1800	114.406
  1801	114.348
  1802	114.376
  1803	114.521
  1804	114.81
  1805	115.26
  1806	115.869
  1807	116.615
  1808	117.462
  1809	118.36
  1810	119.26
  1811	120.115
  1812	120.893
  1813	121.576
  1814	122.159
  1815	122.655
  1816	123.078
  1817	123.441
  1818	123.745
  1819	123.981
  1820	124.136
  1821	124.197
  1822	124.163
  1823	124.051
  1824	123.894
  1825	123.737
  1826	123.627
  1827	123.601
  1828	123.681
  1829	123.864
  1830	124.126
  1831	124.427
  1832	124.72
  1833	124.958
  1834	125.108
  1835	125.149
  1836	125.084
  1837	124.933
  1838	124.731
  1839	124.516
  1840	124.318
  1841	124.153
  1842	124.017
  1843	123.895
  1844	123.767
  1845	123.621
  1846	123.458
  1847	123.287
  1848	123.126
  1849	122.993
  1850	122.894
  1851	122.826
  1852	122.771
  1853	122.695
  1854	122.558
  1855	122.321
  1856	121.949
  1857	121.424
  1858	120.75
  1859	119.953
  1860	119.073
  1861	118.164
  1862	117.273
  1863	116.438
  1864	115.68
  1865	115.004
  1866	114.41
  1867	113.891
  1868	113.446
  1869	113.081
  1870	112.807
  1871	112.639
  1872	112.593
  1873	112.679
  1874	112.9
  1875	113.246
  1876	113.695
  1877	114.22
  1878	114.789
  1879	115.377
  1880	115.973
  1881	116.584
  1882	117.228
  1883	117.93
  1884	118.715
  1885	119.592
  1886	120.558
  1887	121.589
  1888	122.653
  1889	123.709
  1890	124.725
  1891	125.678
  1892	126.566
  1893	127.393
  1894	128.174
  1895	128.918
  1896	129.632
  1897	130.304
  1898	130.914
  1899	131.44
  1900	131.858
  1901	132.157
  1902	132.337
  1903	132.416
  1904	132.425
  1905	132.399
  1906	132.374
  1907	132.378
  1908	132.42
  1909	132.496
  1910	132.588
  1911	132.671
  1912	132.726
  1913	132.742
  1914	132.722
  1915	132.682
  1916	132.644
  1917	132.625
  1918	132.639
  1919	132.687
  1920	132.764
  1921	132.858
  1922	132.961
  1923	133.069
  1924	133.185
  1925	133.32
  1926	133.485
  1927	133.691
  1928	133.942
  1929	134.236
  1930	134.565
  1931	134.911
  1932	135.257
  1933	135.585
  1934	135.879
  1935	136.126
  1936	136.32
  1937	136.457
  1938	136.542
  1939	136.58
  1940	136.581
  1941	136.553
  1942	136.502
  1943	136.431
  1944	136.343
  1945	136.24
  1946	136.126
  1947	136.007
  1948	135.89
  1949	135.778
  1950	135.671
  1951	135.568
  1952	135.466
  1953	135.365
  1954	135.265
  1955	135.167
  1956	135.072
  1957	134.975
  1958	134.872
  1959	134.761
  1960	134.647
  1961	134.543
  1962	134.465
  1963	134.434
  1964	134.46
  1965	134.551
  1966	134.701
  1967	134.903
  1968	135.145
  1969	135.423
  1970	135.731
  1971	136.07
  1972	136.444
  1973	136.857
  1974	137.312
  1975	137.81
  1976	138.345
  1977	138.905
  1978	139.47
  1979	140.016
  1980	140.517
  1981	140.954
  1982	141.314
  1983	141.596
  1984	141.803
  1985	141.937
  1986	142
  1987	141.986
  1988	141.883
  1989	141.682
  1990	141.376
  1991	140.968
  1992	140.474
  1993	139.915
  1994	139.324
  1995	138.73
  1996	138.168
  1997	137.665
  1998	137.248
  1999	136.939
  2000	136.757
  2001	136.717
